Temperature gradient of pure water absorption (m-1  degC-1)
after Roettgers et al. (2013) [1] as distributed with the Water Color Simulator 6 (WASI6) [2]

[1] Roettgers et al. (2013): Pure water spectral absorption, scattering, and real part of refractive index model.
                             Algorithm Theoretical Basis Document "The Water Optical Properties Processor (WOPP).
							 Distribution: Marc Bouvet, ESA/ESRIN
							 Revision 7, May 2013
[2] Gege (2021): The Water Colour Simulator WASI. User manual for WASI version 6.

wavelength_nm	daW/dT
190	0
191	0
192	0
193	0
194	0
195	0
196	0
197	0
198	0
199	0
200	0
201	0
202	0
203	0
204	0
205	0
206	0
207	0
208	0
209	0
210	0
211	0
212	0
213	0
214	0
215	0
216	0
217	0
218	0
219	0
220	0
221	0
222	0
223	0
224	0
225	0
226	0
227	0
228	0
229	0
230	0
231	0
232	0
233	0
234	0
235	0
236	0
237	0
238	0
239	0
240	0
241	0
242	0
243	0
244	0
245	0
246	0
247	0
248	0
249	0
250	0
251	0
252	0
253	0
254	0
255	0
256	0
257	0
258	0
259	0
260	0
261	0
262	0
263	0
264	0
265	0
266	0
267	0
268	0
269	0
270	0
271	0
272	0
273	0
274	0
275	0
276	0
277	0
278	0
279	0
280	0
281	0
282	0
283	0
284	0
285	0
286	0
287	0
288	0
289	0
290	0
291	0
292	0
293	0
294	0
295	0
296	0
297	0
298	0
299	0
300	0
301	0
302	0
303	0
304	0
305	0
306	0
307	0
308	0
309	0
310	0
311	0
312	0
313	0
314	0
315	0
316	0
317	0
318	0
319	0
320	0
321	0
322	0
323	0
324	0
325	0
326	0
327	0
328	0
329	0
330	0
331	0
332	0
333	0
334	0
335	0
336	0
337	0
338	0
339	0
340	0
341	0
342	0
343	0
344	0
345	0
346	0
347	0
348	0
349	0
350	0
351	0
352	0
353	0
354	0
355	0
356	0
357	0
358	0
359	0
360	0
361	0
362	0
363	0
364	0
365	0
366	0
367	0
368	0
369	0
370	0
371	0
372	0
373	0
374	0
375	0
376	0
377	0
378	0
379	0.000013
380	0.000026
381	0.0000215
382	0.000017
383	0.0000075
384	-0.000002
385	-0.000008
386	-0.000014
387	-0.0000005
388	0.000013
389	0.000015
390	0.000017
391	0.00001
392	0.000003
393	0.0000005
394	-0.000002
395	-0.000004
396	-0.000006
397	-0.0000085
398	-0.000011
399	-0.0000095
400	-0.000008
401	-0.0000055
402	-0.000003
403	-0.000004
404	-0.000005
405	-0.0000095
406	-0.000014
407	-0.0000215
408	-0.000029
409	-0.0000295
410	-0.00003
411	-0.000024
412	-0.000018
413	-0.000012
414	-0.000006
415	-0.0000055
416	-0.000005
417	-0.0000105
418	-0.000016
419	-0.0000195
420	-0.000023
421	-0.0000245
422	-0.000026
423	-0.0000265
424	-0.000027
425	-0.00003
426	-0.000033
427	-0.0000345
428	-0.000036
429	-0.000035
430	-0.000034
431	-0.000031
432	-0.000028
433	-0.0000255
434	-0.000023
435	-0.000022
436	-0.000021
437	-0.00002
438	-0.000019
439	-0.0000195
440	-0.00002
441	-0.000019
442	-0.000018
443	-0.0000175
444	-0.000017
445	-0.0000165
446	-0.000016
447	-0.000014
448	-0.000012
449	-0.0000085
450	-0.000005
451	-0.000004
452	-0.000003
453	-0.000005
454	-0.000007
455	-0.0000105
456	-0.000014
457	-0.000015
458	-0.000016
459	-0.000016
460	-0.000016
461	-0.0000155
462	-0.000015
463	-0.0000165
464	-0.000018
465	-0.0000205
466	-0.000023
467	-0.000025
468	-0.000027
469	-0.000028
470	-0.000029
471	-0.000029
472	-0.000029
473	-0.000029
474	-0.000029
475	-0.0000285
476	-0.000028
477	-0.0000265
478	-0.000025
479	-0.0000255
480	-0.000026
481	-0.000027
482	-0.000028
483	-0.0000295
484	-0.000031
485	-0.000032
486	-0.000033
487	-0.000033
488	-0.000033
489	-0.0000325
490	-0.000032
491	-0.0000315
492	-0.000031
493	-0.0000295
494	-0.000028
495	-0.000025
496	-0.000022
497	-0.000019
498	-0.000016
499	-0.0000135
500	-0.000011
501	-0.000008
502	-0.000005
503	-0.000001
504	0.000003
505	0.0000085
506	0.000014
507	0.0000225
508	0.000031
509	0.0000425
510	0.000054
511	0.000066
512	0.000078
513	0.000086
514	0.000094
515	0.0000965
516	0.000099
517	0.000097
518	0.000095
519	0.0000885
520	0.000082
521	0.0000755
522	0.000069
523	0.000063
524	0.000057
525	0.0000505
526	0.000044
527	0.0000375
528	0.000031
529	0.0000245
530	0.000018
531	0.000012
532	0.000006
533	0.000001
534	-0.000004
535	-0.0000075
536	-0.000011
537	-0.0000135
538	-0.000016
539	-0.0000175
540	-0.000019
541	-0.0000215
542	-0.000024
543	-0.000027
544	-0.00003
545	-0.000032
546	-0.000034
547	-0.0000345
548	-0.000035
549	-0.000033
550	-0.000031
551	-0.000031
552	-0.000031
553	-0.0000325
554	-0.000034
555	-0.000039
556	-0.000044
557	-0.000048
558	-0.000052
559	-0.0000555
560	-0.000059
561	-0.000063
562	-0.000067
563	-0.0000715
564	-0.000076
565	-0.000079
566	-0.000082
567	-0.000084
568	-0.000086
569	-0.000088
570	-0.00009
571	-0.0000905
572	-0.000091
573	-0.0000885
574	-0.000086
575	-0.00008
576	-0.000074
577	-0.000064
578	-0.000054
579	-0.000039
580	-0.000024
581	-0.000002
582	0.00002
583	0.0000465
584	0.000073
585	0.0001
586	0.000127
587	0.0001515
588	0.000176
589	0.000203
590	0.00023
591	0.0002635
592	0.000297
593	0.0003395
594	0.000382
595	0.000434
596	0.000486
597	0.000551
598	0.000616
599	0.0006875
600	0.000759
601	0.000823
602	0.000887
603	0.0009315
604	0.000976
605	0.0009955
606	0.001015
607	0.001005
608	0.000995
609	0.0009595
610	0.000924
611	0.000875
612	0.000826
613	0.0007795
614	0.000733
615	0.000697
616	0.000661
617	0.000627
618	0.000593
619	0.0005545
620	0.000516
621	0.000472
622	0.000428
623	0.000383
624	0.000338
625	0.000288
626	0.000238
627	0.00019
628	0.000142
629	0.0001055
630	0.000069
631	0.0000395
632	0.00001
633	-0.000019
634	-0.000048
635	-0.000077
636	-0.000106
637	-0.000136
638	-0.000166
639	-0.0001925
640	-0.000219
641	-0.0002365
642	-0.000254
643	-0.000263
644	-0.000272
645	-0.0002905
646	-0.000309
647	-0.000332
648	-0.000355
649	-0.0003585
650	-0.000362
651	-0.000351
652	-0.00034
653	-0.0003155
654	-0.000291
655	-0.000241
656	-0.000191
657	-0.000125
658	-0.000059
659	-0.0000025
660	0.000054
661	0.000073
662	0.000092
663	0.000089
664	0.000086
665	0.0000625
666	0.000039
667	0.000014
668	-0.000011
669	-0.0000355
670	-0.00006
671	-0.0000855
672	-0.000111
673	-0.0001515
674	-0.000192
675	-0.0002345
676	-0.000277
677	-0.000311
678	-0.000345
679	-0.0003645
680	-0.000384
681	-0.000395
682	-0.000406
683	-0.000419
684	-0.000432
685	-0.000449
686	-0.000466
687	-0.0004695
688	-0.000473
689	-0.0004645
690	-0.000456
691	-0.0004495
692	-0.000443
693	-0.000442
694	-0.000441
695	-0.000431
696	-0.000421
697	-0.0003755
698	-0.00033
699	-0.0001705
700	-0.000011
701	0.0000625
702	0.000136
703	0.000254
704	0.000372
705	0.0005565
706	0.000741
707	0.0009405
708	0.00114
709	0.001391
710	0.001642
711	0.0019665
712	0.002291
713	0.0026305
714	0.00297
715	0.003317
716	0.003664
717	0.004011
718	0.004358
719	0.0047045
720	0.005051
721	0.005413
722	0.005775
723	0.006166
724	0.006557
725	0.007103
726	0.007649
727	0.008424
728	0.009199
729	0.0101435
730	0.011088
731	0.0120255
732	0.012963
733	0.0136935
734	0.014424
735	0.0147265
736	0.015029
737	0.014985
738	0.014941
739	0.014616
740	0.014291
741	0.0137965
742	0.013302
743	0.0127485
744	0.012195
745	0.0116045
746	0.011014
747	0.0104015
748	0.009789
749	0.009221
750	0.008653
751	0.0080845
752	0.007516
753	0.0069775
754	0.006439
755	0.0058705
756	0.005302
757	0.004778
758	0.004254
759	0.0037965
760	0.003339
761	0.002837
762	0.002335
763	0.0018705
764	0.001406
765	0.0009775
766	0.000549
767	0.0001505
768	-0.000248
769	-0.0006465
770	-0.001045
771	-0.0013915
772	-0.001738
773	-0.002122
774	-0.002506
775	-0.002779
776	-0.003052
777	-0.003303
778	-0.003554
779	-0.0038125
780	-0.004071
781	-0.004285
782	-0.004499
783	-0.0046315
784	-0.004764
785	-0.004934
786	-0.005104
787	-0.0052145
788	-0.005325
789	-0.005384
790	-0.005443
791	-0.005495
792	-0.005547
793	-0.005547
794	-0.005547
795	-0.0055395
796	-0.005532
797	-0.00548
798	-0.005428
799	-0.0052805
800	-0.005133
801	-0.0050005
802	-0.004868
803	-0.0046465
804	-0.004425
805	-0.0041665
806	-0.003908
807	-0.00365
808	-0.003392
809	-0.003082
810	-0.002772
811	-0.002388
812	-0.002004
813	-0.001694
814	-0.001384
815	-0.001015
816	-0.000646
817	-0.00024
818	0.000166
819	0.000631
820	0.001096
821	0.001723
822	0.00235
823	0.003265
824	0.00418
825	0.005361
826	0.006542
827	0.0079885
828	0.009435
829	0.010734
830	0.012033
831	0.012904
832	0.013775
833	0.014129
834	0.014483
835	0.014387
836	0.014291
837	0.0138705
838	0.01345
839	0.0129775
840	0.012505
841	0.011959
842	0.011413
843	0.0108445
844	0.010276
845	0.0096415
846	0.009007
847	0.0084535
848	0.0079
849	0.007162
850	0.006424
851	0.005841
852	0.005258
853	0.0047265
854	0.004195
855	0.0036935
856	0.003192
857	0.0028645
858	0.002537
859	0.0020255
860	0.001514
861	0.001002
862	0.00049
863	-0.000002
864	-0.000494
865	-0.0009465
866	-0.001399
867	-0.001753
868	-0.002107
869	-0.0025305
870	-0.002954
871	-0.003298
872	-0.003642
873	-0.003977
874	-0.004312
875	-0.004597
876	-0.004882
877	-0.005138
878	-0.005394
879	-0.0055415
880	-0.005689
881	-0.0058465
882	-0.006004
883	-0.006132
884	-0.00626
885	-0.0062795
886	-0.006299
887	-0.006309
888	-0.006319
889	-0.0062305
890	-0.006142
891	-0.006024
892	-0.005906
893	-0.005709
894	-0.005512
895	-0.005266
896	-0.00502
897	-0.0047445
898	-0.004469
899	-0.0040755
900	-0.003682
901	-0.00318
902	-0.002678
903	-0.002068
904	-0.001458
905	-0.00073
906	-0.000002
907	0.000874
908	0.00175
909	0.002783
910	0.003816
911	0.0050165
912	0.006217
913	0.007585
914	0.008953
915	0.0105075
916	0.012062
917	0.014099
918	0.016136
919	0.018547
920	0.020958
921	0.023472
922	0.025986
923	0.031541
924	0.037096
925	0.041032
926	0.044968
927	0.0496915
928	0.054415
929	0.0595315
930	0.064648
931	0.070454
932	0.07626
933	0.080983
934	0.085706
935	0.0914135
936	0.097121
937	0.10273
938	0.108339
939	0.1136525
940	0.118966
941	0.1247715
942	0.130577
943	0.136875
944	0.143173
945	0.15075
946	0.158327
947	0.1682655
948	0.178204
949	0.1901105
950	0.202017
951	0.215498
952	0.228979
953	0.2427555
954	0.256532
955	0.268045
956	0.279558
957	0.286938
958	0.294318
959	0.296975
960	0.299632
961	0.297762
962	0.295892
963	0.2913655
964	0.286839
965	0.2805415
966	0.274244
967	0.2660765
968	0.257909
969	0.250037
970	0.242165
971	0.234096
972	0.226027
973	0.216679
974	0.207331
975	0.1976875
976	0.188044
977	0.1781055
978	0.168167
979	0.157638
980	0.147109
981	0.136383
982	0.125657
983	0.1152265
984	0.104796
985	0.0941685
986	0.083541
987	0.0739965
988	0.064452
989	0.0548085
990	0.045165
991	0.0367025
992	0.02824
993	0.0198755
994	0.011511
995	0.0039345
996	-0.003642
997	-0.010235
998	-0.016828
999	-0.016828
1000	-0.016828
1001	-0.023421
1002	-0.030014
1003	-0.0355245
1004	-0.041035
1005	-0.04566
1006	-0.050285
1007	-0.0548115
1008	-0.059338
1009	-0.062782
1010	-0.066226
1011	-0.069473
1012	-0.07272
1013	-0.075377
1014	-0.078034
1015	-0.080002
1016	-0.08197
1017	-0.0838395
1018	-0.085709
1019	-0.0866935
1020	-0.087678
1021	-0.088662
1022	-0.089646
1023	-0.089744
1024	-0.089842
1025	-0.090039
1026	-0.090236
1027	-0.0901375
1028	-0.090039
1029	-0.089547
1030	-0.089055
1031	-0.088563
1032	-0.088071
1033	-0.08689
1034	-0.085709
1035	-0.0848235
1036	-0.083938
1037	-0.082659
1038	-0.08138
1039	-0.0801005
1040	-0.078821
1041	-0.077739
1042	-0.076657
1043	-0.0746885
1044	-0.07272
1045	-0.0718345
1046	-0.070949
1047	-0.0692765
1048	-0.067604
1049	-0.065931
1050	-0.064258
1051	-0.0631755
1052	-0.062093
1053	-0.06042
1054	-0.058747
1055	-0.0573695
1056	-0.055992
1057	-0.0551065
1058	-0.054221
1059	-0.05304
1060	-0.051859
1061	-0.0502845
1062	-0.04871
1063	-0.0475295
1064	-0.046349
1065	-0.0454635
1066	-0.044578
1067	-0.0434955
1068	-0.042413
1069	-0.0415275
1070	-0.040642
1071	-0.0396575
1072	-0.038673
1073	-0.037689
1074	-0.036705
1075	-0.035623
1076	-0.034541
1077	-0.034049
1078	-0.033557
1079	-0.0324745
1080	-0.031392
1081	-0.030211
1082	-0.02903
1083	-0.028046
1084	-0.027062
1085	-0.0259795
1086	-0.024897
1087	-0.023421
1088	-0.021945
1089	-0.020666
1090	-0.019387
1091	-0.018403
1092	-0.017419
1093	-0.0161395
1094	-0.01486
1095	-0.0132855
1096	-0.011711
1097	-0.0103335
1098	-0.008956
1099	-0.0065945
1100	-0.004233
1101	-0.0021665
1102	-0.0001
1103	0.0024585
1104	0.005017
1105	0.0068865
1106	0.008756
1107	0.0113145
1108	0.013873
1109	0.016825
1110	0.019777
1111	0.0225325
1112	0.025288
1113	0.0288305
1114	0.032373
1115	0.036112
1116	0.039851
1117	0.0436885
1118	0.047526
1119	0.0524465
1120	0.057367
1121	0.0628775
1122	0.068388
1123	0.075079
1124	0.08177
1125	0.089839
1126	0.097908
1127	0.107945
1128	0.117982
1129	0.1298885
1130	0.141795
1131	0.156949
1132	0.172103
1133	0.1901105
1134	0.208118
1135	0.2287825
1136	0.249447
1137	0.2745395
1138	0.299632
1139	0.3286605
1140	0.357689
1141	0.3901615
1142	0.422634
1143	0.456976
1144	0.491318
1145	0.5249715
1146	0.558625
1147	0.5878505
1148	0.617076
1149	0.6393145
1150	0.661553
1151	0.6729675
1152	0.684382
1153	0.6864485
1154	0.688515
1155	0.679954
1156	0.671393
1157	0.6565345
1158	0.641676
1159	0.62111
1160	0.600544
1161	0.577518
1162	0.554492
1163	0.5295965
1164	0.504701
1165	0.4789195
1166	0.453138
1167	0.4287345
1168	0.404331
1169	0.3799275
1170	0.355524
1171	0.332301
1172	0.309078
1173	0.2871345
1174	0.265191
1175	0.2455105
1176	0.22583
1177	0.20674
1178	0.18765
1179	0.169938
1180	0.152226
1181	0.136088
1182	0.11995
1183	0.104796
1184	0.089642
1185	0.0752755
1186	0.060909
1187	0.0470345
1188	0.03316
1189	0.0193835
1190	0.005607
1191	-0.0082675
1192	-0.022142
1193	-0.035328
1194	-0.048514
1195	-0.061601
1196	-0.074688
1197	-0.087579
1198	-0.10047
1199	-0.1131635
1200	-0.125857
1201	-0.137764
1202	-0.149671
1203	-0.160495
1204	-0.171319
1205	-0.181848
1206	-0.192377
1207	-0.2021185
1208	-0.21186
1209	-0.2207165
1210	-0.229573
1211	-0.237642
1212	-0.245711
1213	-0.252599
1214	-0.259487
1215	-0.2659815
1216	-0.272476
1217	-0.27838
1218	-0.284284
1219	-0.289893
1220	-0.295502
1221	-0.3000285
1222	-0.304555
1223	-0.308688
1224	-0.312821
1225	-0.3163635
1226	-0.319906
1227	-0.322956
1228	-0.326006
1229	-0.328368
1230	-0.33073
1231	-0.3327965
1232	-0.334863
1233	-0.336339
1234	-0.337815
1235	-0.338602
1236	-0.339389
1237	-0.3397825
1238	-0.340176
1239	-0.340373
1240	-0.34057
1241	-0.3396845
1242	-0.338799
1243	-0.3377165
1244	-0.336634
1245	-0.33565
1246	-0.334666
1247	-0.331714
1248	-0.328762
1249	-0.326597
1250	-0.324432
1251	-0.3213815
1252	-0.318331
1253	-0.3147885
1254	-0.311246
1255	-0.3077035
1256	-0.304161
1257	-0.29993
1258	-0.295699
1259	-0.2906805
1260	-0.285662
1261	-0.280545
1262	-0.275428
1263	-0.2704095
1264	-0.265391
1265	-0.259487
1266	-0.253583
1267	-0.247777
1268	-0.241971
1269	-0.236067
1270	-0.230163
1271	-0.2236685
1272	-0.217174
1273	-0.210975
1274	-0.204776
1275	-0.1982815
1276	-0.191787
1277	-0.1853905
1278	-0.178994
1279	-0.172893
1280	-0.166792
1281	-0.159904
1282	-0.153016
1283	-0.146817
1284	-0.140618
1285	-0.134025
1286	-0.127432
1287	-0.1212325
1288	-0.115033
1289	-0.108637
1290	-0.102241
1291	-0.0954515
1292	-0.088662
1293	-0.081675
1294	-0.074688
1295	-0.0676035
1296	-0.060519
1297	-0.05245
1298	-0.044381
1299	-0.0385455
1300	-0.03271
1301	-0.025627
1302	-0.018544
1303	-0.009467
1304	-0.00039
1305	0.0091685
1306	0.018727
1307	0.028668
1308	0.038609
1309	0.0511905
1310	0.063772
1311	0.0741725
1312	0.084573
1313	0.099223
1314	0.113873
1315	0.1280615
1316	0.14225
1317	0.1574685
1318	0.172687
1319	0.1903275
1320	0.207968
1321	0.2247635
1322	0.241559
1323	0.2608515
1324	0.280144
1325	0.2997205
1326	0.319297
1327	0.3419845
1328	0.364672
1329	0.388301
1330	0.41193
1331	0.434911
1332	0.457892
1333	0.4882245
1334	0.518557
1335	0.5488115
1336	0.579066
1337	0.605233
1338	0.6314
1339	0.6624745
1340	0.693549
1341	0.726814
1342	0.760079
1343	0.793749
1344	0.827419
1345	0.8639255
1346	0.900432
1347	0.9375525
1348	0.974673
1349	1.0317715
1350	1.08887
1351	1.129603
1352	1.170336
1353	1.2229615
1354	1.275587
1355	1.3251645
1356	1.374742
1357	1.428659
1358	1.482576
1359	1.529221
1360	1.575866
1361	1.6337605
1362	1.691655
1363	1.754451
1364	1.817247
1365	1.894748
1366	1.972249
1367	2.0540485
1368	2.135848
1369	2.2268475
1370	2.317847
1371	2.4228285
1372	2.52781
1373	2.643318
1374	2.758826
1375	2.892172
1376	3.025518
1377	3.179997
1378	3.334476
1379	3.5298545
1380	3.725233
1381	3.938008
1382	4.150783
1383	4.3975475
1384	4.644312
1385	4.9106425
1386	5.176973
1387	5.4447905
1388	5.712608
1389	6.0224895
1390	6.332371
1391	6.681988
1392	7.031605
1393	7.5040815
1394	7.976558
1395	8.3885285
1396	8.800499
1397	9.2445305
1398	9.688562
1399	10.142959
1400	10.597356
1401	11.054646
1402	11.511936
1403	11.9133
1404	12.314664
1405	12.659982
1406	13.005299
1407	13.291557
1408	13.577815
1409	13.74499
1410	13.912165
1411	13.955315
1412	13.998464
1413	13.931449
1414	13.864435
1415	13.69497
1416	13.525505
1417	13.23989
1418	12.954275
1419	12.679828
1420	12.405382
1421	12.027843
1422	11.650304
1423	11.192572
1424	10.73484
1425	10.215236
1426	9.695633
1427	9.130027
1428	8.564421
1429	7.964786
1430	7.365151
1431	6.7436995
1432	6.122248
1433	5.4950515
1434	4.867855
1435	4.243551
1436	3.619247
1437	3.016518
1438	2.413789
1439	1.822832
1440	1.231875
1441	0.670166
1442	0.108457
1443	-0.417776
1444	-0.944009
1445	-1.43348
1446	-1.922951
1447	-2.3834145
1448	-2.843878
1449	-3.2532375
1450	-3.662597
1451	-4.052189
1452	-4.441781
1453	-4.793085
1454	-5.144389
1455	-5.464516
1456	-5.784643
1457	-6.0811865
1458	-6.37773
1459	-6.6511715
1460	-6.924613
1461	-7.189578
1462	-7.454543
1463	-7.707575
1464	-7.960607
1465	-8.195881
1466	-8.431155
1467	-8.64389
1468	-8.856625
1469	-9.056021
1470	-9.255417
1471	-9.433319
1472	-9.611221
1473	-9.7639325
1474	-9.916644
1475	-10.049347
1476	-10.18205
1477	-10.293661
1478	-10.405271
1479	-10.487794
1480	-10.570316
1481	-10.637531
1482	-10.704747
1483	-10.742112
1484	-10.779476
1485	-10.812341
1486	-10.845205
1487	-10.850628
1488	-10.856052
1489	-10.860633
1490	-10.865213
1491	-10.83958
1492	-10.813947
1493	-10.794984
1494	-10.776021
1495	-10.750991
1496	-10.72596
1497	-10.683534
1498	-10.641108
1499	-10.59603
1500	-10.550951
1501	-10.491932
1502	-10.432913
1503	-10.369193
1504	-10.305472
1505	-10.247256
1506	-10.189041
1507	-10.108045
1508	-10.027049
1509	-9.9473385
1510	-9.867628
1511	-9.779762
1512	-9.691896
1513	-9.611663
1514	-9.53143
1515	-9.445412
1516	-9.359394
1517	-9.2723715
1518	-9.185349
1519	-9.0973625
1520	-9.009376
1521	-8.918818
1522	-8.82826
1523	-8.740916
1524	-8.653572
1525	-8.5651435
1526	-8.476715
1527	-8.376555
1528	-8.276395
1529	-8.184511
1530	-8.092627
1531	-8.006408
1532	-7.920189
1533	-7.8354165
1534	-7.750644
1535	-7.6536575
1536	-7.556671
1537	-7.474671
1538	-7.392671
1539	-7.307898
1540	-7.223125
1541	-7.138393
1542	-7.053661
1543	-6.9686875
1544	-6.883714
1545	-6.8074585
1546	-6.731203
1547	-6.650569
1548	-6.569935
1549	-6.4943625
1550	-6.41879
1551	-6.3437
1552	-6.26861
1553	-6.1972565
1554	-6.125903
1555	-6.052581
1556	-5.979259
1557	-5.905414
1558	-5.831569
1559	-5.7740765
1560	-5.716584
1561	-5.6502125
1562	-5.583841
1563	-5.5271515
1564	-5.470462
1565	-5.4101975
1566	-5.349933
1567	-5.2945295
1568	-5.239126
1569	-5.1790215
1570	-5.118917
1571	-5.063835
1572	-5.008753
1573	-4.953028
1574	-4.897303
1575	-4.8546355
1576	-4.811968
1577	-4.7660465
1578	-4.720125
1579	-4.676895
1580	-4.633665
1581	-4.581998
1582	-4.530331
1583	-4.491239
1584	-4.452147
1585	-4.4142605
1586	-4.376374
1587	-4.339572
1588	-4.30277
1589	-4.2680575
1590	-4.233345
1591	-4.1901555
1592	-4.146966
1593	-4.114423
1594	-4.08188
1595	-4.0531135
1596	-4.024347
1597	-3.9944555
1598	-3.964564
1599	-3.9341905
1600	-3.903817
1601	-3.880153
1602	-3.856489
1603	-3.828285
1604	-3.800081
1605	-3.7770195
1606	-3.753958
1607	-3.725915
1608	-3.697872
1609	-3.6766585
1610	-3.655445
1611	-3.629652
1612	-3.603859
1613	-3.582726
1614	-3.561593
1615	-3.541545
1616	-3.521497
1617	-3.5014085
1618	-3.48132
1619	-3.463281
1620	-3.445242
1621	-3.4230645
1622	-3.400887
1623	-3.3825665
1624	-3.364246
1625	-3.346769
1626	-3.329292
1627	-3.309927
1628	-3.290562
1629	-3.275536
1630	-3.26051
1631	-3.2415465
1632	-3.222583
1633	-3.2049455
1634	-3.187308
1635	-3.1715185
1636	-3.155729
1637	-3.139578
1638	-3.123427
1639	-3.103419
1640	-3.083411
1641	-3.0693895
1642	-3.055368
1643	-3.036726
1644	-3.018084
1645	-3.0022945
1646	-2.986505
1647	-2.969229
1648	-2.951953
1649	-2.9349185
1650	-2.917884
1651	-2.9050675
1652	-2.892251
1653	-2.876341
1654	-2.860431
1655	-2.842673
1656	-2.824915
1657	-2.8086035
1658	-2.792292
1659	-2.7759
1660	-2.759508
1661	-2.742232
1662	-2.724956
1663	-2.7107735
1664	-2.696591
1665	-2.679074
1666	-2.661557
1667	-2.6439195
1668	-2.626282
1669	-2.612823
1670	-2.599364
1671	-2.575057
1672	-2.55075
1673	-2.5376925
1674	-2.524635
1675	-2.510694
1676	-2.496753
1677	-2.479718
1678	-2.462683
1679	-2.4470545
1680	-2.431426
1681	-2.410333
1682	-2.38924
1683	-2.3733705
1684	-2.357501
1685	-2.3424345
1686	-2.327368
1687	-2.3085255
1688	-2.289683
1689	-2.2706795
1690	-2.251676
1691	-2.2343195
1692	-2.216963
1693	-2.20033
1694	-2.183697
1695	-2.1649745
1696	-2.146252
1697	-2.12753
1698	-2.108808
1699	-2.088358
1700	-2.067908
1701	-2.0497885
1702	-2.031669
1703	-2.015558
1704	-1.999447
1705	-1.980122
1706	-1.960797
1707	-1.942557
1708	-1.924317
1709	-1.9016575
1710	-1.878998
1711	-1.8620435
1712	-1.845089
1713	-1.828456
1714	-1.811823
1715	-1.7892835
1716	-1.766744
1717	-1.7487855
1718	-1.730827
1719	-1.713832
1720	-1.696837
1721	-1.675021
1722	-1.653205
1723	-1.638822
1724	-1.624439
1725	-1.6019805
1726	-1.579522
1727	-1.5598355
1728	-1.540149
1729	-1.5266095
1730	-1.51307
1731	-1.4929815
1732	-1.472893
1733	-1.455778
1734	-1.438663
1735	-1.4220295
1736	-1.405396
1737	-1.384665
1738	-1.363934
1739	-1.345975
1740	-1.328016
1741	-1.3087715
1742	-1.289527
1743	-1.27659
1744	-1.263653
1745	-1.246056
1746	-1.228459
1747	-1.205036
1748	-1.181613
1749	-1.170042
1750	-1.158471
1751	-1.1374185
1752	-1.116366
1753	-1.0971615
1754	-1.077957
1755	-1.0520835
1756	-1.02621
1757	-1.016206
1758	-1.006202
1759	-0.975065
1760	-0.943928
1761	-0.916889
1762	-0.88985
1763	-0.8664275
1764	-0.843005
1765	-0.8199035
1766	-0.796802
1767	-0.7632945
1768	-0.729787
1769	-0.6941505
1770	-0.658514
1771	-0.6183775
1772	-0.578241
1773	-0.545497
1774	-0.512753
1775	-0.470929
1776	-0.429105
1777	-0.382661
1778	-0.336217
1779	-0.293228
1780	-0.250239
1781	-0.2054425
1782	-0.160646
1783	-0.096082
1784	-0.031518
1785	0.0129175
1786	0.057353
1787	0.108176
1788	0.158999
1789	0.2068495
1790	0.2547
1791	0.305885
1792	0.35707
1793	0.4133575
1794	0.469645
1795	0.515406
1796	0.561167
1797	0.6092585
1798	0.65735
1799	0.708816
1800	0.760282
1801	0.8052395
1802	0.850197
1803	0.89178
1804	0.933363
1805	0.9810525
1806	1.028742
1807	1.072173
1808	1.115604
1809	1.1539725
1810	1.192341
1811	1.2366555
1812	1.28097
1813	1.317129
1814	1.353288
1815	1.3943885
1816	1.435489
1817	1.4755855
1818	1.515682
1819	1.556381
1820	1.59708
1821	1.637417
1822	1.677754
1823	1.7237565
1824	1.769759
1825	1.8099355
1826	1.850112
1827	1.893342
1828	1.936572
1829	1.9890425
1830	2.041513
1831	2.092698
1832	2.143883
1833	2.193782
1834	2.243681
1835	2.3015755
1836	2.35947
1837	2.4189715
1838	2.478473
1839	2.542113
1840	2.605753
1841	2.6830525
1842	2.760352
1843	2.8369285
1844	2.913505
1845	2.999483
1846	3.085461
1847	3.177827
1848	3.270193
1849	3.368666
1850	3.467139
1851	3.56296
1852	3.658781
1853	3.7967875
1854	3.934794
1855	4.0978705
1856	4.260947
1857	4.5276395
1858	4.794332
1859	5.0040535
1860	5.213775
1861	5.461102
1862	5.708429
1863	5.9786565
1864	6.248884
1865	6.667966
1866	7.087048
1867	7.5257765
1868	7.964505
1869	8.475551
1870	8.986597
1871	9.6615635
1872	10.33653
1873	11.136848
1874	11.937165
1875	12.843549
1876	13.749932
1877	14.762382
1878	15.774831
1879	16.927096
1880	18.07936
1881	19.366618
1882	20.653875
1883	22.109874
1884	23.565873
1885	25.127938
1886	26.690004
1887	28.353314
1888	30.016624
1889	31.704041
1890	33.391457
1891	35.515191
1892	37.638925
1893	40.186923
1894	42.734922
1895	44.345199
1896	45.955476
1897	47.286124
1898	48.616773
1899	49.61958
1900	50.622387
1901	51.461274
1902	52.300161
1903	52.762996
1904	53.22583
1905	53.302969
1906	53.380108
1907	52.673803
1908	51.967499
1909	51.227446
1910	50.487394
1911	49.284508
1912	48.081621
1913	46.796774
1914	45.511927
1915	43.761835
1916	42.011743
1917	39.957916
1918	37.90409
1919	35.623667
1920	33.343245
1921	30.913366
1922	28.483486
1923	26.015037
1924	23.546588
1925	20.967252
1926	18.387916
1927	16.117136
1928	13.846356
1929	11.483973
1930	9.12159
1931	6.9472335
1932	4.772877
1933	2.7479775
1934	0.723078
1935	-1.137901
1936	-2.99888
1937	-4.686296
1938	-6.373712
1939	-7.897208
1940	-9.420704
1941	-10.78028
1942	-12.139855
1943	-13.306583
1944	-14.47331
1945	-15.538793
1946	-16.604276
1947	-17.539586
1948	-18.474897
1949	-19.308963
1950	-20.143029
1951	-20.909598
1952	-21.676167
1953	-22.355954
1954	-23.035742
1955	-23.623928
1956	-24.212113
1957	-24.732801
1958	-25.253489
1959	-25.711502
1960	-26.169515
1961	-26.545568
1962	-26.921621
1963	-27.268746
1964	-27.615872
1965	-27.900323
1966	-28.184773
1967	-28.430653
1968	-28.676534
1969	-29.189749
1970	-29.702965
1971	-29.522652
1972	-29.34234
1973	-29.679823
1974	-30.017307
1975	-30.020682
1976	-30.024056
1977	-30.190508
1978	-30.356959
1979	-30.344906
1980	-30.332853
1981	-30.429156
1982	-30.52546
1983	-30.523049
1984	-30.520639
1985	-30.549205
1986	-30.57777
1987	-30.492556
1988	-30.407341
1989	-30.422528
1990	-30.437714
1991	-30.413246
1992	-30.388779
1993	-30.300672
1994	-30.212565
1995	-30.126145
1996	-30.039725
1997	-29.96584
1998	-29.891956
1999	-29.715501
2000	-29.539045
2001	-29.461062
2002	-29.383079
2003	-29.25592
2004	-29.128761
2005	-28.958694
2006	-28.788626
2007	-28.660383
2008	-28.532139
2009	-28.371111
2010	-28.210084
2011	-28.05231
2012	-27.894537
2013	-27.720613
2014	-27.546688
2015	-27.371197
2016	-27.195706
2017	-27.001412
2018	-26.807118
2019	-26.617765
2020	-26.428413
2021	-26.226405
2022	-26.024398
2023	-25.817207
2024	-25.610016
2025	-25.397402
2026	-25.184788
2027	-24.96217
2028	-24.739551
2029	-24.522115
2030	-24.304679
2031	-24.090739
2032	-23.876799
2033	-23.642971
2034	-23.409143
2035	-23.173628
2036	-22.938113
2037	-22.714531
2038	-22.490948
2039	-22.258446
2040	-22.025944
2041	-21.78621
2042	-21.546477
2043	-21.317953
2044	-21.089428
2045	-20.853552
2046	-20.617675
2047	-20.380955
2048	-20.144234
2049	-19.904862
2050	-19.66549
2051	-19.433832
2052	-19.202174
2053	-18.963043
2054	-18.723912
2055	-18.487312
2056	-18.250712
2057	-18.019054
2058	-17.787396
2059	-17.557305
2060	-17.327213
2061	-17.096278
2062	-16.865343
2063	-16.643086
2064	-16.42083
2065	-16.190257
2066	-15.959683
2067	-15.742006
2068	-15.524329
2069	-15.306411
2070	-15.088494
2071	-14.872625
2072	-14.656756
2073	-14.442816
2074	-14.228876
2075	-14.030484
2076	-13.832092
2077	-13.622973
2078	-13.413854
2079	-13.206302
2080	-12.998749
2081	-12.809156
2082	-12.619563
2083	-12.430693
2084	-12.241823
2085	-12.03861
2086	-11.835397
2087	-11.648817
2088	-11.462236
2089	-11.277344
2090	-11.092451
2091	-10.919853
2092	-10.747254
2093	-10.567785
2094	-10.388317
2095	-10.207161
2096	-10.026004
2097	-9.857383
2098	-9.688762
2099	-9.521949
2100	-9.355136
2101	-9.1953135
2102	-9.035491
2103	-8.873017
2104	-8.710543
2105	-8.558555
2106	-8.406567
2107	-8.265065
2108	-8.123563
2109	-7.971816
2110	-7.820069
2111	-7.674228
2112	-7.528387
2113	-7.3901395
2114	-7.251892
2115	-7.115814
2116	-6.979736
2117	-6.839198
2118	-6.69866
2119	-6.568488
2120	-6.438316
2121	-6.3216435
2122	-6.204971
2123	-6.07733
2124	-5.949689
2125	-5.8162625
2126	-5.682836
2127	-5.5586905
2128	-5.434545
2129	-5.322211
2130	-5.209877
2131	-5.093084
2132	-4.976291
2133	-4.8522655
2134	-4.72824
2135	-4.6202455
2136	-4.512251
2137	-4.413537
2138	-4.314823
2139	-4.2014045
2140	-4.087986
2141	-3.9763755
2142	-3.864765
2143	-3.7752115
2144	-3.685658
2145	-3.59514
2146	-3.504622
2147	-3.4038595
2148	-3.303097
2149	-3.2045035
2150	-3.10591
2151	-3.0152715
2152	-2.924633
2153	-2.838816
2154	-2.752999
2155	-2.67357
2156	-2.594141
2157	-2.5112165
2158	-2.428292
2159	-2.34139
2160	-2.254488
2161	-2.1802415
2162	-2.105995
2163	-2.030182
2164	-1.954369
2165	-1.87723
2166	-1.800091
2167	-1.728135
2168	-1.656179
2169	-1.5935035
2170	-1.530828
2171	-1.461041
2172	-1.391254
2173	-1.314115
2174	-1.236976
2175	-1.1712875
2176	-1.105599
2177	-1.0490705
2178	-0.992542
2179	-0.9449325
2180	-0.897323
2181	-0.82609
2182	-0.754857
2183	-0.6622905
2184	-0.569724
2185	-0.513798
2186	-0.457872
2187	-0.411709
2188	-0.365546
2189	-0.3221555
2190	-0.278765
2191	-0.2297095
2192	-0.180654
2193	-0.1484725
2194	-0.116291
2195	-0.0859175
2196	-0.055544
2197	-0.026858
2198	0.001828
2199	0.0335275
2200	0.065227
2201	0.090056
2202	0.114885
2203	0.144897
2204	0.174909
2205	0.21384
2206	0.252771
2207	0.296162
2208	0.339553
2209	0.3908985
2210	0.442244
2211	0.491179
2212	0.540114
2213	0.591098
2214	0.642082
2215	0.696441
2216	0.7508
2217	0.80311
2218	0.85542
2219	0.9053195
2220	0.955219
2221	1.0054795
2222	1.05574
2223	1.104193
2224	1.152646
2225	1.2045945
2226	1.256543
2227	1.296318
2228	1.336093
2229	1.3749035
2230	1.413714
2231	1.452404
2232	1.491094
2233	1.5232755
2234	1.555457
2235	1.5917365
2236	1.628016
2237	1.654653
2238	1.68129
2239	1.712025
2240	1.74276
2241	1.7679505
2242	1.793141
2243	1.8235145
2244	1.853888
2245	1.8735345
2246	1.893181
2247	1.9155995
2248	1.938018
2249	1.9665835
2250	1.995149
2251	2.024076
2252	2.053003
2253	2.076386
2254	2.099769
2255	2.1255625
2256	2.151356
2257	2.174377
2258	2.197398
2259	2.2193345
2260	2.241271
2261	2.2691135
2262	2.296956
2263	2.326847
2264	2.356738
2265	2.380362
2266	2.403986
2267	2.4272485
2268	2.450511
2269	2.4734115
2270	2.496312
2271	2.5219845
2272	2.547657
2273	2.566701
2274	2.585745
2275	2.607561
2276	2.629377
2277	2.646974
2278	2.664571
2279	2.6773475
2280	2.690124
2281	2.7094085
2282	2.728693
2283	2.7411075
2284	2.753522
2285	2.7724455
2286	2.791369
2287	2.80752
2288	2.823671
2289	2.8311435
2290	2.838616
2291	2.85537
2292	2.872124
2293	2.881284
2294	2.890444
2295	2.899966
2296	2.909488
2297	2.9175635
2298	2.925639
2299	2.933353
2300	2.941067
2301	2.945647
2302	2.950227
2303	2.9564945
2304	2.962762
2305	2.969391
2306	2.97602
2307	2.9781895
2308	2.980359
2309	2.982408
2310	2.984457
2311	2.984457
2312	2.984457
2313	2.984457
2314	2.984457
2315	2.9889165
2316	2.993376
2317	2.985783
2318	2.97819
2319	2.983011
2320	2.987832
2321	2.9874705
2322	2.987109
2323	2.9828905
2324	2.978672
2325	2.978672
2326	2.978672
2327	2.975538
2328	2.972404
2329	2.9720425
2330	2.971681
2331	2.9720425
2332	2.972404
2333	2.972404
2334	2.972404
2335	2.9748145
2336	2.977225
2337	2.9738505
2338	2.970476
2339	2.976382
2340	2.982288
2341	2.9826495
2342	2.983011
2343	2.9851805
2344	2.98735
2345	2.99193
2346	2.99651
2347	3.001452
2348	3.006394
2349	3.0172415
2350	3.028089
2351	3.0359235
2352	3.043758
2353	3.0525565
2354	3.061355
2355	3.074734
2356	3.088113
2357	3.100889
2358	3.113665
2359	3.130901
2360	3.148137
2361	3.1644085
2362	3.18068
2363	3.203942
2364	3.227204
2365	3.244078
2366	3.260952
2367	3.2924105
2368	3.323869
2369	3.3506265
2370	3.377384
2371	3.4118555
2372	3.446327
2373	3.4753745
2374	3.504422
2375	3.537568
2376	3.570714
2377	3.621457
2378	3.6722
2379	3.7099255
2380	3.747651
2381	3.797671
2382	3.847691
2383	3.8855375
2384	3.923384
2385	3.97943
2386	4.035476
2387	4.0923665
2388	4.149257
2389	4.208678
2390	4.268099
2391	4.335475
2392	4.402851
2393	4.4609465
2394	4.519042
2395	4.5942525
2396	4.669463
2397	4.7267145
2398	4.783966
2399	4.8530295
2400	4.922093
2401	5.0634745
2402	5.204856
2403	5.386615
2404	5.568374
2405	5.503288
2406	5.438202
2407	5.504734
2408	5.571266
2409	5.647441
2410	5.723616
2411	5.842217
2412	5.960818
2413	6.058206
2414	6.155594
2415	6.259732
2416	6.36387
2417	6.493078
2418	6.622286
2419	6.7105135
2420	6.798741
2421	6.924092
2422	7.049443
2423	7.180097
2424	7.310751
2425	7.395122
2426	7.479493
2427	7.5956835
2428	7.711874
2429	7.89749
2430	8.083106
2431	8.168441
2432	8.253776
2433	8.3690025
2434	8.484229
2435	8.6206685
2436	8.757108
2437	8.906565
2438	9.056022
2439	9.197283
2440	9.338544
2441	9.513071
2442	9.687598
2443	9.825002
2444	9.962406
2445	10.012064
2446	10.061722
2447	10.351475
2448	10.641229
2449	10.719815
2450	10.7984
2451	10.962803
2452	11.127205
2453	11.31041
2454	11.493615
2455	11.657535
2456	11.821456
2457	12.014304
2458	12.207151
2459	12.390356
2460	12.573562
2461	12.761588
2462	12.949614
2463	13.161746
2464	13.373879
2465	13.586012
2466	13.798144
2467	14.015097
2468	14.232051
2469	14.458647
2470	14.685243
2471	14.931124
2472	15.177004
2473	15.432527
2474	15.68805
2475	15.943573
2476	16.199096
2477	16.464261
2478	16.729427
2479	17.013877
2480	17.298327
2481	17.602062
2482	17.905797
2483	18.209532
2484	18.513267
2485	18.845929
2486	19.178591
2487	19.520896
2488	19.8632
2489	20.224789
2490	20.586378
2491	20.947968
2492	21.309557
2493	21.685609
2494	22.061662
2495	22.456999
2496	22.852337
2497	23.266959
2498	23.681582
2499	24.110667
2500	24.539753
2501	24.992945
2502	25.446137
2503	25.889686
2504	26.333236
2505	26.791249
2506	27.249262
2507	27.731381
2508	28.2135
2509	28.70044
2510	29.18738
2511	29.67432
2512	30.16126
2513	30.677127
2514	31.192995
2515	31.708862
2516	32.224729
2517	32.740597
2518	33.256464
2519	33.796437
2520	34.33641
2521	34.871562
2522	35.406714
2523	35.912939
2524	36.419164
2525	37.031455
2526	37.643746
2527	38.212647
2528	38.781547
2529	39.345626
2530	39.909705
2531	40.488247
2532	41.06679
2533	41.645333
2534	42.223876
2535	42.792776
2536	43.361676
2537	43.940219
2538	44.518762
2539	45.082841
2540	45.64692
2541	46.210999
2542	46.775078
2543	47.348799
2544	47.922521
2545	48.496243
2546	49.069964
2547	49.629222
2548	50.18848
2549	50.723632
2550	51.258784
2551	51.793936
2552	52.329088
2553	52.854598
2554	53.380108
2555	53.881512
2556	54.382915
2557	54.884318
2558	55.385722
2559	55.891947
2560	56.398172
2561	56.899576
2562	57.40098
2563	57.907204
2564	58.413429
2565	58.94376
2566	59.474091
2567	59.994779
2568	60.515468
2569	60.999997
2570	61.484527
2571	61.973878
2572	62.463228
2573	62.911599
2574	63.35997
2575	63.822804
2576	64.285638
2577	64.705082
2578	65.124525
2579	65.611465
2580	66.098405
2581	66.56606
2582	67.033716
2583	67.486908
2584	67.940099
2585	68.42704
2586	68.91398
2587	69.444311
2588	69.974641
2589	70.45676
2590	70.938879
2591	71.445104
2592	71.951329
2593	72.462375
2594	72.973421
2595	73.441077
2596	73.908732
2597	74.42942
2598	74.950109
2599	75.528651
2600	76.107194
2601	76.65681
2602	77.206425
2603	77.75604
2604	78.305656
2605	78.898663
2606	79.491669
2607	80.021999
2608	80.55233
2609	81.179085
2610	81.80584
2611	82.519376
2612	83.232912
2613	83.951269
2614	84.669626
2615	85.359056
2616	86.048486
2617	86.83434
2618	87.620194
2619	88.33373
2620	89.047266
2621	89.852405
2622	90.657543
2623	91.602496
2624	92.547449
2625	93.492402
2626	94.437356
2627	95.367845
2628	96.298335
2629	97.41685
2630	98.535366
2631	99.533353
2632	100.53134
2633	101.72217
2634	102.91301
2635	104.26776
2636	105.62252
2637	106.76514
2638	107.90776
2639	109.11788
2640	110.328
2641	111.63936
2642	112.95072
2643	114.18977
2644	115.42881
2645	116.6775
2646	117.92619
2647	119.69074
2648	121.4553
2649	123.06558
2650	124.67585
2651	126.36809
2652	128.06033
2653	130.11416
2654	132.16798
2655	133.947
2656	135.72602
2657	137.52915
2658	139.33227
2659	141.35573
2660	143.37919
2661	146.61103
2662	149.84286
2663	154.69265
2664	159.54244
2665	163.45892
2666	167.3754
2667	171.51097
2668	175.64655
2669	180.42178
2670	185.197
2671	189.06954
2672	192.94207
2673	197.26776
2674	201.59345
2675	205.78722
2676	209.98099
2677	214.26265
2678	218.54431
2679	224.47715
2680	230.40998
2681	237.5181
2682	244.62623
2683	253.01453
2684	261.40284
2685	268.34746
2686	275.29208
2687	285.14738
2688	295.00268
2689	306.66927
2690	318.33586
2691	330.52071
2692	342.70556
2693	355.53711
2694	368.36867
2695	383.06043
2696	397.7522
2697	415.34746
2698	432.94272
2699	449.7571
2700	466.57147
2701	485.17684
2702	503.78221
2703	524.34123
2704	544.90026
2705	568.00894
2706	591.11762
2707	617.78734
2708	644.45706
2709	673.04796
2710	701.63886
2711	732.03671
2712	762.43456
2713	793.90574
2714	825.37693
2715	858.59712
2716	891.81731
2717	926.27714
2718	960.73697
2719	996.5979
2720	1032.4588
2721	1069.1961
2722	1105.9333
2723	1145.4732
2724	1185.0131
2725	1226.336
2726	1267.6589
2727	1307.3202
2728	1346.9816
2729	1388.5988
2730	1430.2159
2731	1471.7718
2732	1513.3277
2733	1553.5083
2734	1593.6888
2735	1632.5121
2736	1671.3355
2737	1709.4945
2738	1747.6536
2739	1783.4448
2740	1819.236
2741	1852.2731
2742	1885.3101
2743	1913.8876
2744	1942.4651
2745	1968.0101
2746	1993.5551
2747	2018.4169
2748	2043.2788
2749	2063.8773
2750	2084.4758
2751	2101.3489
2752	2118.2221
2753	2130.9716
2754	2143.721
2755	2152.5707
2756	2161.4204
2757	2168.6922
2758	2175.964
2759	2175.7805
2760	2175.597
2761	2171.1774
2762	2166.7578
2763	2161.6628
2764	2156.5679
2765	2150.7495
2766	2144.9311
2767	2135.5974
2768	2126.2638
2769	2111.6831
2770	2097.1023
2771	2078.9893
2772	2060.8763
2773	2043.4001
2774	2025.9238
2775	2009.3142
2776	1992.7046
2777	1971.7417
2778	1950.7788
2779	1925.8197
2780	1900.8606
2781	1877.4388
2782	1854.0171
2783	1828.4077
2784	1802.7983
2785	1774.4735
2786	1746.1487
2787	1716.0239
2788	1685.8991
2789	1655.7913
2790	1625.6834
2791	1594.9613
2792	1564.2391
2793	1526.9855
2794	1489.7318
2795	1450.766
2796	1411.8002
2797	1369.0118
2798	1326.2234
2799	1286.5384
2800	1246.8534
2801	1207.2761
2802	1167.6988
2803	1130.078
2804	1092.4571
2805	1046.762
2806	1001.0668
2807	951.4528
2808	901.83878
2809	854.51247
2810	807.18617
2811	763.36469
2812	719.5432
2813	671.91465
2814	624.28609
2815	578.31534
2816	532.34459
2817	491.18308
2818	450.02157
2819	401.22869
2820	352.43581
2821	297.21148
2822	241.98716
2823	192.7902
2824	143.59325
2825	92.770359
2826	41.947466
2827	-9.044341
2828	-60.036148
2829	-111.49334
2830	-162.95053
2831	-213.28257
2832	-263.6146
2833	-319.36714
2834	-375.11967
2835	-428.14936
2836	-481.17904
2837	-539.621
2838	-598.06295
2839	-645.35657
2840	-692.65018
2841	-743.54251
2842	-794.43484
2843	-845.86182
2844	-897.28881
2845	-941.07953
2846	-984.87026
2847	-1029.6065
2848	-1074.3428
2849	-1130.9696
2850	-1187.5964
2851	-1237.7175
2852	-1287.8387
2853	-1334.9885
2854	-1382.1383
2855	-1442.7487
2856	-1503.3591
2857	-1553.8641
2858	-1604.3692
2859	-1655.6412
2860	-1706.9132
2861	-1763.4736
2862	-1820.034
2863	-1876.012
2864	-1931.9899
2865	-1986.2863
2866	-2040.5827
2867	-2096.0891
2868	-2151.5956
2869	-2201.0484
2870	-2250.5013
2871	-2302.1702
2872	-2353.839
2873	-2394.53
2874	-2435.2211
2875	-2479.1152
2876	-2523.0093
2877	-2567.4263
2878	-2611.8433
2879	-2666.4434
2880	-2721.0434
2881	-2761.4838
2882	-2801.9243
2883	-2844.1636
2884	-2886.403
2885	-2939.7867
2886	-2993.1704
2887	-3041.7696
2888	-3090.3688
2889	-3124.4077
2890	-3158.4465
2891	-3215.2829
2892	-3272.1193
2893	-3339.7736
2894	-3407.428
2895	-3470.9114
2896	-3534.3949
2897	-3604.9957
2898	-3675.5966
2899	-3740.6666
2900	-3805.7365
2901	-3869.514
2902	-3933.2914
2903	-3987.615
2904	-4041.9385
2905	-4104.7988
2906	-4167.6591
2907	-4225.2421
2908	-4282.8251
2909	-4307.4121
2910	-4331.9991
2911	-4379.6245
2912	-4427.2499
2913	-4470.7693
2914	-4514.2887
2915	-4563.8121
2916	-4613.3356
2917	-4656.7072
2918	-4700.0788
2919	-4737.3983
2920	-4774.7179
2921	-4815.5357
2922	-4856.3535
2923	-4912.9096
2924	-4969.4657
2925	-5026.7257
2926	-5083.9858
2927	-5137.5565
2928	-5191.1272
2929	-5237.496
2930	-5283.8647
2931	-5335.4694
2932	-5387.074
2933	-5430.6335
2934	-5474.1931
2935	-5536.2588
2936	-5598.3246
2937	-5669.5629
2938	-5740.8012
2939	-5782.251
2940	-5823.7009
2941	-5848.5728
2942	-5873.4447
2943	-5921.2208
2944	-5968.9969
2945	-6014.8981
2946	-6060.7994
2947	-6094.7104
2948	-6128.6214
2949	-6152.5267
2950	-6176.4319
2951	-6205.4219
2952	-6234.4118
2953	-6251.1797
2954	-6267.9477
2955	-6286.5289
2956	-6305.11
2957	-6345.3668
2958	-6385.6237
2959	-6410.3814
2960	-6435.1392
2961	-6452.7875
2962	-6470.4359
2963	-6502.9946
2964	-6535.5533
2965	-6559.7436
2966	-6583.9339
2967	-6600.3591
2968	-6616.7842
2969	-6622.842
2970	-6628.8998
2971	-6617.6832
2972	-6606.4666
2973	-6593.5297
2974	-6580.5928
2975	-6571.7492
2976	-6562.9057
2977	-6573.7584
2978	-6584.6111
2979	-6586.6933
2980	-6588.7754
2981	-6587.755
2982	-6586.7346
2983	-6573.6238
2984	-6560.5129
2985	-6552.7123
2986	-6544.9116
2987	-6544.0254
2988	-6543.1392
2989	-6543.4258
2990	-6543.7123
2991	-6542.1016
2992	-6540.4909
2993	-6534.6492
2994	-6528.8074
2995	-6542.4659
2996	-6556.1244
2997	-6558.5864
2998	-6561.0484
2999	-6564.9271
3000	-6568.8057
3001	-6558.9568
3002	-6549.1078
3003	-6552.7545
3004	-6556.4011
3005	-6569.2919
3006	-6582.1826
3007	-6599.0864
3008	-6615.9903
3009	-6614.5018
3010	-6613.0134
3011	-6617.3623
3012	-6621.7111
3013	-6617.1577
3014	-6612.6043
3015	-6592.9181
3016	-6573.2319
3017	-6556.7235
3018	-6540.2152
3019	-6517.2828
3020	-6494.3505
3021	-6469.6368
3022	-6444.9232
3023	-6415.6297
3024	-6386.3362
3025	-6369.2152
3026	-6352.0941
3027	-6344.0767
3028	-6336.0593
3029	-6329.1356
3030	-6322.2119
3031	-6317.6202
3032	-6313.0284
3033	-6301.4691
3034	-6289.9097
3035	-6276.7592
3036	-6263.6087
3037	-6255.1954
3038	-6246.782
3039	-6240.7011
3040	-6234.6203
3041	-6219.763
3042	-6204.9056
3043	-6193.398
3044	-6181.8903
3045	-6171.5255
3046	-6161.1606
3047	-6151.8525
3048	-6142.5444
3049	-6132.5183
3050	-6122.4922
3051	-6121.2894
3052	-6120.0866
3053	-6114.7654
3054	-6109.4443
3055	-6095.9599
3056	-6082.4754
3057	-6076.9369
3058	-6071.3983
3059	-6060.6726
3060	-6049.9468
3061	-6038.2292
3062	-6026.5115
3063	-6007.0731
3064	-5987.6346
3065	-5966.3948
3066	-5945.1549
3067	-5918.8858
3068	-5892.6166
3069	-5865.8584
3070	-5839.1002
3071	-5813.8298
3072	-5788.5593
3073	-5764.3854
3074	-5740.2114
3075	-5711.2427
3076	-5682.2739
3077	-5666.5342
3078	-5650.7945
3079	-5634.9028
3080	-5619.011
3081	-5595.9927
3082	-5572.9743
3083	-5549.3939
3084	-5525.8135
3085	-5516.2436
3086	-5506.6737
3087	-5489.6543
3088	-5472.635
3089	-5450.9233
3090	-5429.2116
3091	-5408.9937
3092	-5388.7758
3093	-5372.258
3094	-5355.7402
3095	-5333.9542
3096	-5312.1682
3097	-5290.4446
3098	-5268.7211
3099	-5246.3669
3100	-5224.0126
3101	-5200.5714
3102	-5177.1301
3103	-5153.479
3104	-5129.8279
3105	-5106.5447
3106	-5083.2614
3107	-5053.2672
3108	-5023.2731
3109	-4993.9671
3110	-4964.6611
3111	-4937.021
3112	-4909.3809
3113	-4885.2786
3114	-4861.1762
3115	-4834.5167
3116	-4807.8571
3117	-4779.8584
3118	-4751.8596
3119	-4723.7535
3120	-4695.6475
3121	-4676.3422
3122	-4657.0369
3123	-4634.5191
3124	-4612.0012
3125	-4589.7179
3126	-4567.4345
3127	-4545.6281
3128	-4523.8217
3129	-4501.6222
3130	-4479.4227
3131	-4454.5122
3132	-4429.6017
3133	-4402.8743
3134	-4376.1469
3135	-4351.1215
3136	-4326.0961
3137	-4299.6858
3138	-4273.2756
3139	-4244.0001
3140	-4214.7246
3141	-4185.795
3142	-4156.8654
3143	-4125.783
3144	-4094.7005
3145	-4062.5203
3146	-4030.3402
3147	-4001.0403
3148	-3971.7405
3149	-3940.6926
3150	-3909.6446
3151	-3878.3403
3152	-3847.0361
3153	-3816.195
3154	-3785.3538
3155	-3754.0669
3156	-3722.78
3157	-3691.8836
3158	-3660.9873
3159	-3632.7733
3160	-3604.5594
3161	-3576.0955
3162	-3547.6317
3163	-3517.6688
3164	-3487.7058
3165	-3459.1209
3166	-3430.536
3167	-3403.4636
3168	-3376.3913
3169	-3348.4356
3170	-3320.4799
3171	-3292.6563
3172	-3264.8326
3173	-3238.1467
3174	-3211.4608
3175	-3184.3005
3176	-3157.1401
3177	-3128.5793
3178	-3100.0185
3179	-3073.2922
3180	-3046.5659
3181	-3021.4934
3182	-2996.421
3183	-2970.5343
3184	-2944.6477
3185	-2918.6505
3186	-2892.6533
3187	-2866.4424
3188	-2840.2315
3189	-2813.2256
3190	-2786.2198
3191	-2760.1691
3192	-2734.1184
3193	-2708.5673
3194	-2683.0162
3195	-2657.8489
3196	-2632.6815
3197	-2609.0383
3198	-2585.3952
3199	-2561.4425
3200	-2537.4898
3201	-2514.0559
3202	-2490.6221
3203	-2467.5786
3204	-2444.535
3205	-2422.0099
3206	-2399.4847
3207	-2376.1075
3208	-2352.7303
3209	-2329.7714
3210	-2306.8126
3211	-2284.2718
3212	-2261.7311
3213	-2240.1975
3214	-2218.6639
3215	-2196.4643
3216	-2174.2647
3217	-2152.7646
3218	-2131.2645
3219	-2110.9057
3220	-2090.547
3221	-2070.3743
3222	-2050.2016
3223	-2030.6303
3224	-2011.059
3225	-1991.6954
3226	-1972.3318
3227	-1953.274
3228	-1934.2163
3229	-1915.6528
3230	-1897.0894
3231	-1878.6504
3232	-1860.2113
3233	-1841.9685
3234	-1823.7257
3235	-1805.9668
3236	-1788.208
3237	-1770.5839
3238	-1752.9597
3239	-1735.845
3240	-1718.7303
3241	-1701.972
3242	-1685.2137
3243	-1668.6157
3244	-1652.0176
3245	-1635.9294
3246	-1619.8412
3247	-1604.3489
3248	-1588.8565
3249	-1573.1705
3250	-1557.4844
3251	-1541.8295
3252	-1526.1746
3253	-1511.1043
3254	-1496.034
3255	-1481.3199
3256	-1466.6059
3257	-1452.3739
3258	-1438.1419
3259	-1424.0906
3260	-1410.0393
3261	-1396.2355
3262	-1382.4318
3263	-1368.7195
3264	-1355.0072
3265	-1341.5012
3266	-1327.9952
3267	-1314.7574
3268	-1301.5196
3269	-1288.4828
3270	-1275.4459
3271	-1262.9467
3272	-1250.4475
3273	-1238.3202
3274	-1226.193
3275	-1214.5209
3276	-1202.8488
3277	-1191.689
3278	-1180.5293
3279	-1169.6751
3280	-1158.8209
3281	-1148.0054
3282	-1137.1898
3283	-1126.7249
3284	-1116.26
3285	-1105.4611
3286	-1094.6622
3287	-1083.7625
3288	-1072.8627
3289	-1062.1366
3290	-1051.4105
3291	-1041.095
3292	-1030.7795
3293	-1020.8338
3294	-1010.8882
3295	-1001.3442
3296	-991.80014
3297	-982.41213
3298	-973.02413
3299	-963.87139
3300	-954.71865
3301	-945.5864
3302	-936.45415
3303	-927.54979
3304	-918.64543
3305	-909.93529
3306	-901.22515
3307	-892.66813
3308	-884.1111
3309	-875.70896
3310	-867.30682
3311	-859.36272
3312	-851.41861
3313	-843.443
3314	-835.46738
3315	-827.63148
3316	-819.79558
3317	-812.33864
3318	-804.8817
3319	-797.43689
3320	-789.99209
3321	-782.53657
3322	-775.08105
3323	-767.79612
3324	-760.5112
3325	-753.35438
3326	-746.19755
3327	-739.09646
3328	-731.99536
3329	-725.20632
3330	-718.41728
3331	-711.80085
3332	-705.18442
3333	-698.8282
3334	-692.47198
3335	-686.15747
3336	-679.84296
3337	-673.59767
3338	-667.35237
3339	-661.47272
3340	-655.59306
3341	-649.75143
3342	-643.9098
3343	-638.22653
3344	-632.54327
3345	-626.84906
3346	-621.15486
3347	-615.43801
3348	-609.72115
3349	-604.04461
3350	-598.36807
3351	-592.90783
3352	-587.44759
3353	-582.36698
3354	-577.28637
3355	-572.21507
3356	-567.14377
3357	-562.13179
3358	-557.1198
3359	-552.30069
3360	-547.48159
3361	-542.61582
3362	-537.75005
3363	-533.15014
3364	-528.55022
3365	-524.01341
3366	-519.47659
3367	-514.98773
3368	-510.49887
3369	-506.12493
3370	-501.75099
3371	-497.56139
3372	-493.37179
3373	-489.17599
3374	-484.9802
3375	-480.91725
3376	-476.8543
3377	-472.87176
3378	-468.88921
3379	-464.95067
3380	-461.01212
3381	-457.26415
3382	-453.51617
3383	-449.65415
3384	-445.79213
3385	-441.84605
3386	-437.89997
3387	-433.89947
3388	-429.89897
3389	-425.9565
3390	-422.01404
3391	-418.19246
3392	-414.37089
3393	-410.53154
3394	-406.69219
3395	-403.07983
3396	-399.46747
3397	-395.97331
3398	-392.47915
3399	-388.94785
3400	-385.41655
3401	-382.21104
3402	-379.00554
3403	-376.03629
3404	-373.06703
3405	-370.39345
3406	-367.71987
3407	-365.40913
3408	-363.09839
3409	-361.02691
3410	-358.95542
3411	-357.10404
3412	-355.25266
3413	-353.5201
3414	-351.78754
3415	-350.18297
3416	-348.5784
3417	-346.85288
3418	-345.12735
3419	-343.33504
3420	-341.54273
3421	-339.64382
3422	-337.74491
3423	-335.78057
3424	-333.81623
3425	-331.72976
3426	-329.64329
3427	-327.29707
3428	-324.95086
3429	-322.31246
3430	-319.67405
3431	-316.96534
3432	-314.25663
3433	-311.41768
3434	-308.57873
3435	-305.62434
3436	-302.66995
3437	-299.59795
3438	-296.52596
3439	-293.49657
3440	-290.46719
3441	-287.45367
3442	-284.44016
3443	-281.58087
3444	-278.72157
3445	-276.07905
3446	-273.43653
3447	-270.95153
3448	-268.46653
3449	-266.21347
3450	-263.9604
3451	-261.87976
3452	-259.79912
3453	-257.83387
3454	-255.86861
3455	-254.01379
3456	-252.15896
3457	-250.0934
3458	-248.02783
3459	-246.05994
3460	-244.09205
3461	-242.17908
3462	-240.26611
3463	-238.55599
3464	-236.84588
3465	-235.17372
3466	-233.50156
3467	-231.8664
3468	-230.23123
3469	-228.5944
3470	-226.95757
3471	-225.35282
3472	-223.74807
3473	-222.12834
3474	-220.5086
3475	-218.90324
3476	-217.29787
3477	-215.70905
3478	-214.12023
3479	-212.3717
3480	-210.62316
3481	-208.91504
3482	-207.20693
3483	-205.64233
3484	-204.07773
3485	-202.71293
3486	-201.34812
3487	-200.18889
3488	-199.02966
3489	-198.10422
3490	-197.17878
3491	-196.40551
3492	-195.63223
3493	-194.94579
3494	-194.25935
3495	-193.66571
3496	-193.07207
3497	-192.47863
3498	-191.8852
3499	-191.14556
3500	-190.40591
3501	-189.58885
3502	-188.77179
3503	-187.96597
3504	-187.16016
3505	-186.52545
3506	-185.89075
3507	-185.26151
3508	-184.63227
3509	-183.99814
3510	-183.36401
3511	-182.4724
3512	-181.58079
3513	-180.60339
3514	-179.626
3515	-178.55376
3516	-177.48152
3517	-176.44333
3518	-175.40515
3519	-174.26583
3520	-173.12651
3521	-171.68664
3522	-170.24678
3523	-168.7241
3524	-167.20142
3525	-165.649
3526	-164.09659
3527	-162.82825
3528	-161.5599
3529	-160.57544
3530	-159.59097
3531	-158.68176
3532	-157.77256
3533	-156.9515
3534	-156.13045
3535	-155.39438
3536	-154.65831
3537	-153.94441
3538	-153.23051
3539	-152.51189
3540	-151.79328
3541	-151.10299
3542	-150.4127
3543	-149.84959
3544	-149.28647
3545	-148.60385
3546	-147.92123
3547	-147.26126
3548	-146.60129
3549	-146.15197
3550	-145.70266
3551	-145.37359
3552	-145.04451
3553	-144.70084
3554	-144.35717
3555	-143.92375
3556	-143.49033
3557	-143.09162
3558	-142.69292
3559	-142.22598
3560	-141.75904
3561	-141.2765
3562	-140.79396
3563	-140.32609
3564	-139.85823
3565	-139.4524
3566	-139.04657
3567	-138.65982
3568	-138.27306
3569	-137.59093
3570	-136.90879
3571	-136.31969
3572	-135.73059
3573	-135.10935
3574	-134.48812
3575	-133.73018
3576	-132.97223
3577	-132.27783
3578	-131.58342
3579	-130.67253
3580	-129.76164
3581	-128.83867
3582	-127.91571
3583	-127.07088
3584	-126.22605
3585	-125.47494
3586	-124.72383
3587	-124.09804
3588	-123.47224
3589	-123.00833
3590	-122.54441
3591	-122.16866
3592	-121.79291
3593	-121.34753
3594	-120.90216
3595	-120.47035
3596	-120.03854
3597	-119.77033
3598	-119.50211
3599	-119.32187
3600	-119.14163
3601	-119.0372
3602	-118.93277
3603	-118.94396
3604	-118.95515
3605	-119.04189
3606	-119.12864
3607	-119.1362
3608	-119.14377
3609	-119.11707
3610	-119.09037
3611	-119.17707
3612	-119.26377
3613	-119.31977
3614	-119.37577
3615	-119.29859
3616	-119.2214
3617	-119.10047
3618	-118.97954
3619	-118.87763
3620	-118.77571
3621	-118.65311
3622	-118.53052
3623	-118.08734
3624	-117.64417
3625	-117.41899
3626	-117.19381
3627	-117.031
3628	-116.86819
3629	-116.66125
3630	-116.45432
3631	-116.39936
3632	-116.3444
3633	-116.12512
3634	-115.90584
3635	-115.60728
3636	-115.30873
3637	-114.9917
3638	-114.67468
3639	-114.37814
3640	-114.0816
3641	-113.81145
3642	-113.5413
3643	-113.25078
3644	-112.96026
3645	-112.86443
3646	-112.7686
3647	-112.73761
3648	-112.70662
3649	-112.55692
3650	-112.40721
3651	-112.17355
3652	-111.93989
3653	-111.74671
3654	-111.55352
3655	-111.27981
3656	-111.00609
3657	-110.70774
3658	-110.40939
3659	-110.18351
3660	-109.95764
3661	-109.68496
3662	-109.41229
3663	-109.03355
3664	-108.65482
3665	-108.36055
3666	-108.06628
3667	-108.05277
3668	-108.03926
3669	-108.12474
3670	-108.21023
3671	-108.10981
3672	-108.00939
3673	-107.92418
3674	-107.83897
3675	-107.84238
3676	-107.84578
3677	-107.79956
3678	-107.75334
3679	-107.67398
3680	-107.59462
3681	-107.53518
3682	-107.47574
3683	-107.26698
3684	-107.05821
3685	-106.91171
3686	-106.76521
3687	-106.92492
3688	-107.08463
3689	-107.18346
3690	-107.28228
3691	-107.40642
3692	-107.53057
3693	-107.60933
3694	-107.68808
3695	-107.75187
3696	-107.81565
3697	-107.94077
3698	-108.06589
3699	-108.0212
3700	-107.9765
3701	-107.96253
3702	-107.94857
3703	-108.07132
3704	-108.19407
3705	-108.33363
3706	-108.4732
3707	-108.5728
3708	-108.67239
3709	-108.74082
3710	-108.80925
3711	-108.79479
3712	-108.78033
3713	-108.74956
3714	-108.7188
3715	-108.77163
3716	-108.82445
3717	-109.00502
3718	-109.18559
3719	-109.42555
3720	-109.66551
3721	-109.73416
3722	-109.80281
3723	-109.77256
3724	-109.74232
3725	-109.76128
3726	-109.78025
3727	-109.7746
3728	-109.76896
3729	-109.78762
3730	-109.80629
3731	-109.83815
3732	-109.87001
3733	-109.96711
3734	-110.06421
3735	-110.15322
3736	-110.24223
3737	-110.33682
3738	-110.4314
3739	-110.50902
3740	-110.58664
3741	-110.5334
3742	-110.48015
3743	-110.44258
3744	-110.40502
3745	-110.39538
3746	-110.38573
3747	-110.41419
3748	-110.44266
3749	-110.5553
3750	-110.66795
3751	-110.82635
3752	-110.98475
3753	-111.17103
3754	-111.35732
3755	-111.55388
3756	-111.75044
3757	-111.8798
3758	-112.00915
3759	-112.07694
3760	-112.14474
3761	-112.27214
3762	-112.39954
3763	-112.54508
3764	-112.69062
3765	-112.86729
3766	-113.04396
3767	-113.20758
3768	-113.3712
3769	-113.49795
3770	-113.62469
3771	-113.80464
3772	-113.98459
3773	-114.13787
3774	-114.29116
3775	-114.4227
3776	-114.55425
3777	-114.70637
3778	-114.8585
3779	-114.99612
3780	-115.13374
3781	-115.24842
3782	-115.3631
3783	-115.46962
3784	-115.57614
3785	-115.63957
3786	-115.703
3787	-115.75677
3788	-115.81053
3789	-115.88704
3790	-115.96354
3791	-116.08588
3792	-116.20822
3793	-116.3178
3794	-116.42738
3795	-116.51242
3796	-116.59745
3797	-116.73231
3798	-116.86717
3799	-117.00473
3800	-117.14228
3801	-117.20281
3802	-117.26334
3803	-117.34423
3804	-117.42511
3805	-117.55382
3806	-117.68252
3807	-117.82792
3808	-117.97332
3809	-118.05405
3810	-118.13479
3811	-118.25039
3812	-118.36599
3813	-118.53539
3814	-118.70478
3815	-118.89601
3816	-119.08724
3817	-119.23867
3818	-119.3901
3819	-119.54006
3820	-119.69001
3821	-119.88408
3822	-120.07814
3823	-120.25639
3824	-120.43463
3825	-120.62978
3826	-120.82494
3827	-120.98532
3828	-121.14571
3829	-121.28052
3830	-121.41534
3831	-121.51739
3832	-121.61944
3833	-121.75018
3834	-121.88091
3835	-122.09401
3836	-122.30711
3837	-122.60816
3838	-122.9092
3839	-123.19583
3840	-123.48246
3841	-123.71572
3842	-123.94897
3843	-124.16012
3844	-124.37126
3845	-124.61668
3846	-124.86209
3847	-125.09319
3848	-125.32429
3849	-125.46419
3850	-125.60408
3851	-125.74615
3852	-125.88823
3853	-126.05636
3854	-126.22449
3855	-126.37079
3856	-126.51709
3857	-126.63967
3858	-126.76226
3859	-126.94594
3860	-127.12961
3861	-127.33195
3862	-127.53429
3863	-127.71906
3864	-127.90383
3865	-128.05805
3866	-128.21227
3867	-128.41651
3868	-128.62074
3869	-128.8905
3870	-129.16025
3871	-129.38426
3872	-129.60826
3873	-129.76534
3874	-129.92241
3875	-130.13794
3876	-130.35347
3877	-130.61736
3878	-130.88124
3879	-131.10277
3880	-131.3243
3881	-131.49263
3882	-131.66096
3883	-131.81856
3884	-131.97616
3885	-132.17556
3886	-132.37496
3887	-132.63169
3888	-132.88842
3889	-133.1911
3890	-133.49377
3891	-133.86044
3892	-134.22712
3893	-134.568
3894	-134.90887
3895	-135.22571
3896	-135.54255
3897	-135.8392
3898	-136.13584
3899	-136.39689
3900	-136.65793
3901	-136.91306
3902	-137.16819
3903	-137.39836
3904	-137.62853
3905	-137.84462
3906	-138.06071
3907	-138.26946
3908	-138.47821
3909	-138.68632
3910	-138.89443
3911	-139.12779
3912	-139.36115
3913	-139.61868
3914	-139.87621
3915	-140.11373
3916	-140.35125
3917	-140.61283
3918	-140.87441
3919	-141.15548
3920	-141.43656
3921	-141.70088
3922	-141.9652
3923	-142.22191
3924	-142.47861
3925	-142.7775
3926	-143.07639
3927	-143.37749
3928	-143.67858
3929	-143.91275
3930	-144.14691
3931	-144.34092
3932	-144.53493
3933	-144.76416
3934	-144.99339
3935	-145.22055
3936	-145.44772
3937	-145.66654
3938	-145.88535
3939	-146.11209
3940	-146.33883
3941	-146.61387
3942	-146.88891
3943	-147.20375
3944	-147.51859
3945	-147.8295
3946	-148.14041
3947	-148.41393
3948	-148.68745
3949	-148.91594
3950	-149.14442
3951	-149.36611
3952	-149.58781
3953	-149.82108
3954	-150.05435
3955	-150.3209
3956	-150.58745
3957	-150.85125
3958	-151.11505
3959	-151.34032
3960	-151.5656
3961	-151.75149
3962	-151.93738
3963	-152.18569
3964	-152.43399
3965	-152.76117
3966	-153.08835
3967	-153.37737
3968	-153.66638
3969	-153.94019
3970	-154.214
3971	-154.47782
3972	-154.74165
3973	-155.04107
3974	-155.34049
3975	-155.63385
3976	-155.92721
3977	-156.23565
3978	-156.54408
3979	-156.84241
3980	-157.14075
3981	-157.42431
3982	-157.70787
3983	-157.98113
3984	-158.2544
3985	-158.57095
3986	-158.8875
3987	-159.1672
3988	-159.44691
3989	-159.67762
3990	-159.90832
3991	-160.17339
3992	-160.43847
3993	-160.7319
3994	-161.02534
3995	-161.33083
3996	-161.63632
3997	-161.93835
3998	-162.24038
3999	-162.53966
4000	-162.83894
