Specific absorption coefficients (m2 mg-1) for six phytoplankton classes distributed with the Water Color Simulator 6 (WASI6) [1]:

0. phytoplankton:   typical mixture for Lake Constance calculated by Heege (2000) [2];
                    using phytoplankton absorption spectra1 and pigment data from 32 days in 1990 and 1991,
                    and he validated it using 139 irradiance reflectance and 278 attenuation measurements3 from 1990 to 1996 [1]
1. cryptophyta:     average of 20 samples from Lake Constance from March 2020; 
                    absorption was measured using an integrating sphere by Soppa et al. 2020 (unpublished); 
                    pigment concentrations were measured using HPLC by Dröscher (LUBW) [1]
2. cyanobacteria:   obtained from field measurements by Xi et al. 2017 [3] in the Baltic Sea during a bloom of cyanobacteria (most likely Nodularia sp.);
                    measurements were made by Röttgers et al. (HZG) on RV Ardana in 2010. Gege scaled their normalized spectrum to match at 440 nm the diatoms spectrum [1]
3. diatoms:         derived from pure cultures grown in the laboratory [4,5,6];
                    scaling was adjusted to match field measurements [7]
4. dinoflagellates: derived from pure cultures grown in the laboratory [4,5,6];
                    scaling was adjusted to match field measurements [7]
5. green algae:     derived from pure cultures grown in the laboratory [4,5,6];
                    scaling was adjusted to match field measurements [7]

[1] Gege (2021): The Water Colour Simulator WASI. User manual for WASI version 6.
[2] Heege (2000): Flugzeuggestützte Fernerkundung von Wasserinhaltsstoffen am Bodensee. PhD thesis. DLR-Forschungsbericht 2000-40, 134 p.
[3] Xi et al. (2017): Phytoplankton group identification using simulated and in situ hyperspectral remote sensing reflectance. [10.3389/fmars.2017.00272]
[4] Gege (1994): Gewässeranalyse mit passiver Fernerkundung: Ein Modell zur Interpretation optischer Spektralmessungen. PhD thesis. DLR-Forschungsbericht 94-15, 171 p
[5] Gege (1995): Water analysis by remote sensing: A model for the interpretation of optical spectral measurements. Technical Translation ESA-TT-1324, 231 pp.
[6] Gege (1998): Correction of specular reflections at the water surface. Ocean Optics XIV, Conference Papers, Vol. 2.
[7] Gege (2013): Estimation of phytoplankton concentration from downwelling irradiance measurements in water. [10.1560/IJPS.60.1-2.193]

wavelength_nm,phytoplankton,cryptophyta,cyanobacteria,diatoms,dinoflagellates,green_algae
300,0,0,0,0,0,0
301,7.77E-06,0,0,0,0,0
302,3.09E-05,0,0,0,0,0
303,6.91E-05,0,0,0,0,0
304,0.000122,0,0,0,0,0
305,0.00019,0,0,0,0,0
306,0.000272,0,0,0,0,0
307,0.000367,0,0,0,0,0
308,0.000477,0,0,0,0,0
309,0.0006,0,0,0,0,0
310,0.000736,0,0,0,0,0
311,0.000885,0,0,0,0,0
312,0.001046,0,0,0,0,0
313,0.00122,0,0,0,0,0
314,0.001406,0,0,0,0,0
315,0.001604,0,0,0,0,0
316,0.001813,0,0,0,0,0
317,0.002033,0,0,0,0,0
318,0.002264,0,0,0,0,0
319,0.002506,0,0,0,0,0
320,0.002758,0,0,0,0,0
321,0.003021,0,0,0,0,0
322,0.003293,0,0,0,0,0
323,0.003575,0,0,0,0,0
324,0.003866,0,0,0,0,0
325,0.004166,0,0,0,0,0
326,0.004474,0,0,0,0,0
327,0.004792,0,0,0,0,0
328,0.005117,0,0,0,0,0
329,0.00545,0,0,0,0,0
330,0.005791,0,0,0,0,0
331,0.006139,0,0,0,0,0
332,0.006494,0,0,0,0,0
333,0.006856,0,0,0,0,0
334,0.007225,0,0,0,0,0
335,0.007599,0,0,0,0,0
336,0.00798,0,0,0,0,0
337,0.008366,0,0,0,0,0
338,0.008758,0,0,0,0,0
339,0.009155,0,0,0,0,0
340,0.009556,0,0,0,0,0
341,0.009963,0,0,0,0,0
342,0.010373,0,0,0,0,0
343,0.010788,0,0,0,0,0
344,0.011206,0,0,0,0,0
345,0.011627,0,0,0,0,0
346,0.012052,0,0,0,0,0
347,0.01248,0,0,0,0,0
348,0.01291,0,0,0,0,0
349,0.013343,0,0,0,0,0
350,0.013778,0,0,0,0,0
351,0.014214,0,0,0,0,0
352,0.014652,0,0,0,0,0
353,0.015092,0.009357,0,0,0,0
354,0.015532,0.009421,0,0,0,0
355,0.015973,0.00952,0,0,0,0
356,0.016414,0.009658,0,0,0,0
357,0.016855,0.009797,0,0,0,0
358,0.017297,0.00992,0,0,0,0
359,0.017738,0.010033,0,0,0,0
360,0.018178,0.010108,0,0,0,0
361,0.018617,0.010191,0,0,0,0
362,0.019055,0.01032,0,0,0,0
363,0.019491,0.010456,0,0,0,0
364,0.019926,0.010594,0,0,0,0
365,0.020358,0.010737,0,0,0,0
366,0.020789,0.010906,0,0,0,0
367,0.021216,0.011082,0,0,0,0
368,0.021641,0.011227,0,0,0,0
369,0.022062,0.011376,0,0,0,0
370,0.02248,0.011581,0,0,0,0
371,0.022894,0.011793,0,0,0,0
372,0.023304,0.011967,0,0,0,0
373,0.02371,0.012144,0,0,0,0
374,0.024111,0.012358,0,0,0,0
375,0.024508,0.012572,0,0,0,0
376,0.024899,0.012738,0,0,0,0
377,0.025285,0.012907,0,0,0,0
378,0.025665,0.013107,0,0,0,0
379,0.026039,0.013308,0,0,0,0
380,0.026407,0.0135,0.02097,0.016728882,0,0.013991
381,0.026768,0.01368,0.021313,0.017332442,0,0.014484
382,0.027123,0.01384,0.021656,0.017955436,0,0.014992
383,0.02747,0.013977,0.022,0.018598022,0,0.015516
384,0.02781,0.014097,0.022345,0.019258778,0,0.016055
385,0.028143,0.014217,0.02269,0.019936914,0,0.016608
386,0.028468,0.014347,0.023033,0.020629902,0,0.017174
387,0.028784,0.014475,0.023376,0.021335688,0.054017,0.017751
388,0.029092,0.014595,0.023719,0.022052376,0.054264,0.018338
389,0.029391,0.014711,0.024063,0.02277649,0.054521,0.018934
390,0.029682,0.014817,0.024406,0.023505028,0.054755,0.019536
391,0.029963,0.014924,0.024749,0.024233092,0.054971,0.020142
392,0.030234,0.015051,0.025092,0.024956732,0.055163,0.02075
393,0.030495,0.015193,0.025436,0.02567263,0.055337,0.021358
394,0.030747,0.015343,0.025781,0.026374308,0.055488,0.021961
395,0.030988,0.015501,0.026125,0.027058132,0.055619,0.022558
396,0.031218,0.015671,0.026469,0.02771794,0.055729,0.023146
397,0.031438,0.015854,0.026812,0.028350256,0.055818,0.023721
398,0.031646,0.016057,0.027155,0.028950024,0.055889,0.024281
399,0.031842,0.01627,0.027498,0.029513768,0.05594,0.024824
400,0.032027,0.0165,0.027841,0.03003817,0.055971,0.025348
401,0.0322,0.01677,0.028185,0.030520702,0.055984,0.02585
402,0.0324,0.017478,0.028528,0.0309601,0.055979,0.026329
403,0.0326,0.018189,0.028876,0.031356048,0.055957,0.026786
404,0.0327,0.018488,0.02925,0.031709178,0.055918,0.027218
405,0.0329,0.018787,0.029641,0.032020438,0.055863,0.027628
406,0.033,0.019086,0.030037,0.03229283,0.055794,0.028015
407,0.0331,0.019384,0.030435,0.03252904,0.05571,0.028381
408,0.0332,0.019671,0.030833,0.03273365,0.055613,0.028728
409,0.0333,0.019943,0.031231,0.032910136,0.055504,0.029059
410,0.0333,0.020203,0.031608,0.033063554,0.055383,0.029375
411,0.0334,0.020444,0.031941,0.03319817,0.055252,0.02968
412,0.0334,0.020665,0.032249,0.033319198,0.055111,0.029976
413,0.0334,0.02086,0.032561,0.03343043,0.054961,0.030267
414,0.0335,0.021032,0.032874,0.033536448,0.054805,0.030554
415,0.0335,0.021184,0.033178,0.03364057,0.05464,0.03084
416,0.0335,0.021321,0.033448,0.033746114,0.054471,0.031127
417,0.0335,0.021452,0.033671,0.033855608,0.054296,0.031416
418,0.0336,0.021579,0.033866,0.033971106,0.054116,0.031708
419,0.0336,0.021705,0.034045,0.03409403,0.053935,0.032005
420,0.0336,0.02183,0.034233,0.03422517,0.053749,0.032304
421,0.0336,0.021954,0.034438,0.034364842,0.053564,0.032607
422,0.0337,0.022093,0.034643,0.034512572,0.053376,0.032911
423,0.0337,0.022249,0.034839,0.034667886,0.053189,0.033215
424,0.0337,0.02242,0.035032,0.034829046,0.053002,0.033514
425,0.0338,0.022618,0.035225,0.034994788,0.052815,0.033808
426,0.0338,0.022836,0.03542,0.0351629,0.052631,0.034091
427,0.0338,0.023059,0.035615,0.035331012,0.052448,0.034361
428,0.0339,0.023285,0.035816,0.035496754,0.052268,0.034611
429,0.0339,0.023511,0.036046,0.03565744,0.052091,0.034839
430,0.0339,0.023735,0.036276,0.035810226,0.051916,0.03504
431,0.0339,0.023956,0.036481,0.035952268,0.051746,0.035209
432,0.0339,0.024148,0.036666,0.036080722,0.05158,0.035343
433,0.0339,0.024306,0.036827,0.036193376,0.051417,0.035438
434,0.0339,0.024435,0.036926,0.036287386,0.051259,0.035491
435,0.0339,0.024519,0.036974,0.036360382,0.051105,0.0355
436,0.0338,0.024548,0.036968,0.036410626,0.050955,0.035463
437,0.0338,0.024519,0.0369,0.036436538,0.05081,0.03538
438,0.0337,0.024444,0.036781,0.036436538,0.050668,0.03525
439,0.0336,0.024311,0.036601,0.036409836,0.050532,0.035074
440,0.0335,0.024122,0.036356,0.036355958,0.050398,0.034855
441,0.0334,0.023886,0.036049,0.03627443,0.050269,0.034594
442,0.0332,0.023616,0.035664,0.03616541,0.050144,0.034295
443,0.0331,0.023319,0.035183,0.036029372,0.050021,0.03396
444,0.0329,0.022993,0.034664,0.035867422,0.049903,0.033596
445,0.0327,0.022666,0.034113,0.035679876,0.049786,0.033204
446,0.0325,0.022352,0.033541,0.035468472,0.049671,0.032791
447,0.0323,0.022045,0.032964,0.035234316,0.049559,0.03236
448,0.0321,0.021764,0.032377,0.034978672,0.049447,0.031916
449,0.0318,0.021516,0.031771,0.034703278,0.049339,0.031465
450,0.0316,0.021306,0.031175,0.034409872,0.049228,0.03101
451,0.0314,0.021138,0.030644,0.03410035,0.049119,0.030557
452,0.0312,0.021003,0.030181,0.033775502,0.049009,0.030108
453,0.031,0.02091,0.029755,0.033437698,0.048898,0.029668
454,0.0307,0.020853,0.029363,0.033088202,0.048786,0.029241
455,0.0305,0.020825,0.029019,0.032729542,0.048671,0.028831
456,0.0304,0.020818,0.028717,0.032362666,0.048554,0.02844
457,0.0302,0.020819,0.02845,0.031989312,0.048433,0.02807
458,0.03,0.020827,0.028222,0.031612166,0.048309,0.027727
459,0.0298,0.020836,0.028012,0.031232808,0.048182,0.02741
460,0.0297,0.020832,0.02782,0.030853134,0.048048,0.027124
461,0.0295,0.020817,0.027637,0.030475672,0.047911,0.026868
462,0.0294,0.020782,0.027469,0.030102318,0.047766,0.026646
463,0.0293,0.02072,0.027334,0.029734652,0.047617,0.026458
464,0.0291,0.020628,0.027212,0.02937615,0.047462,0.026304
465,0.029,0.020498,0.027089,0.029028234,0.047298,0.026186
466,0.0289,0.020336,0.02696,0.0286928,0.04713,0.026104
467,0.0288,0.020142,0.026829,0.028372218,0.046951,0.026056
468,0.0286,0.019919,0.02669,0.028068226,0.046767,0.026042
469,0.0285,0.019665,0.026531,0.027782562,0.046574,0.02606
470,0.0284,0.019382,0.026354,0.027516648,0.046372,0.026108
471,0.0282,0.019068,0.026156,0.027271748,0.046165,0.026183
472,0.0281,0.018732,0.025949,0.027048494,0.045947,0.026281
473,0.028,0.018392,0.025763,0.026848308,0.045722,0.026395
474,0.0278,0.01805,0.025591,0.026670874,0.045488,0.026523
475,0.0277,0.017708,0.025431,0.026516824,0.045245,0.026656
476,0.0275,0.017376,0.025284,0.026385684,0.044996,0.026787
477,0.0274,0.017053,0.025151,0.026276664,0.044735,0.026908
478,0.0272,0.016754,0.025031,0.026188816,0.044471,0.02701
479,0.0271,0.016488,0.024927,0.026120876,0.044195,0.027086
480,0.027,0.016261,0.024838,0.026070948,0.043913,0.027126
481,0.0268,0.016075,0.024764,0.026036662,0.043624,0.027123
482,0.0267,0.015923,0.024705,0.02601549,0.043326,0.027068
483,0.0265,0.015811,0.024665,0.026004114,0.043025,0.026958
484,0.0264,0.015737,0.024642,0.025999216,0.042712,0.026786
485,0.0262,0.0157,0.024609,0.025997004,0.042396,0.02655
486,0.0261,0.015693,0.024558,0.025993844,0.042075,0.026251
487,0.0259,0.015712,0.024503,0.025985154,0.041745,0.025889
488,0.0258,0.015752,0.024457,0.025967458,0.041414,0.025468
489,0.0256,0.015797,0.024418,0.025936174,0.041075,0.024993
490,0.0254,0.015845,0.024377,0.025888142,0.040734,0.024469
491,0.0253,0.015894,0.024323,0.025820044,0.040388,0.023904
492,0.0251,0.015932,0.024259,0.02572951,0.040036,0.023305
493,0.0249,0.015958,0.024188,0.02561417,0.039686,0.02268
494,0.0247,0.015962,0.024106,0.025473076,0.039328,0.022036
495,0.0245,0.015939,0.024002,0.025306228,0.038971,0.021381
496,0.0243,0.015891,0.023879,0.025113626,0.03861,0.020721
497,0.024,0.01581,0.023748,0.02489685,0.038247,0.020062
498,0.0238,0.015697,0.023616,0.024657322,0.037886,0.019408
499,0.0235,0.015549,0.023482,0.024397886,0.037519,0.018765
500,0.0232,0.015369,0.023337,0.024121544,0.037156,0.018136
501,0.0229,0.015157,0.023156,0.02383114,0.03679,0.017522
502,0.0227,0.014916,0.022936,0.023529834,0.036425,0.016927
503,0.0223,0.01465,0.0227,0.023221576,0.036061,0.016353
504,0.022,0.014363,0.022445,0.02290842,0.035695,0.015799
505,0.0217,0.014059,0.022206,0.022594316,0.035334,0.015267
506,0.0214,0.013739,0.021994,0.022281634,0.03497,0.014758
507,0.0211,0.013412,0.021791,0.021972586,0.03461,0.01427
508,0.0208,0.013077,0.021586,0.021669384,0.034253,0.013804
509,0.0204,0.012742,0.021376,0.021373292,0.033893,0.013359
510,0.0201,0.01242,0.021214,0.021086206,0.033541,0.012935
511,0.0198,0.01211,0.021102,0.0208086,0.033187,0.012531
512,0.0195,0.011815,0.020999,0.020541264,0.032835,0.012146
513,0.0192,0.011535,0.020897,0.020284672,0.032489,0.01178
514,0.019,0.011271,0.020793,0.020038824,0.032144,0.011432
515,0.0187,0.011028,0.02069,0.019803404,0.031802,0.0111
516,0.0185,0.010812,0.020587,0.019578254,0.031465,0.010786
517,0.0182,0.010626,0.020484,0.0193629,0.031128,0.010486
518,0.018,0.010466,0.020383,0.019156394,0.030799,0.010201
519,0.0178,0.010329,0.020304,0.01895842,0.030468,0.009931
520,0.0176,0.010212,0.020254,0.018767872,0.030144,0.009673
521,0.0174,0.010118,0.020236,0.01858396,0.029824,0.009429
522,0.0173,0.01005,0.020239,0.018405894,0.029505,0.009196
523,0.0171,0.010001,0.020248,0.018232568,0.029193,0.008975
524,0.0169,0.009966,0.020263,0.018063034,0.028881,0.008764
525,0.0168,0.009943,0.02029,0.017896818,0.028576,0.008565
526,0.0167,0.009935,0.020342,0.017732656,0.028274,0.008374
527,0.0166,0.009939,0.020422,0.017569916,0.027975,0.008194
528,0.0164,0.009953,0.020529,0.017407808,0.027682,0.008022
529,0.0163,0.009976,0.020655,0.017245858,0.02739,0.007858
530,0.0162,0.010007,0.020777,0.017083276,0.027105,0.007703
531,0.0161,0.01004,0.020865,0.016919746,0.026821,0.007556
532,0.0161,0.010073,0.020951,0.016754478,0.026542,0.007416
533,0.016,0.01011,0.02109,0.016587788,0.026269,0.007283
534,0.0159,0.010155,0.021258,0.016419202,0.025997,0.007157
535,0.0158,0.010202,0.021435,0.016248404,0.025732,0.007038
536,0.0157,0.010244,0.021612,0.016075868,0.025468,0.006925
537,0.0156,0.010283,0.021792,0.01590112,0.025209,0.006818
538,0.0155,0.010322,0.021983,0.015724476,0.024954,0.006717
539,0.0154,0.010358,0.022182,0.015546284,0.024702,0.006622
540,0.0153,0.010392,0.022384,0.015366859,0.024456,0.006533
541,0.0152,0.010424,0.022586,0.015186138,0.024212,0.006449
542,0.015,0.010454,0.022793,0.015004849,0.023972,0.00637
543,0.0149,0.010481,0.023014,0.014823228,0.023736,0.006297
544,0.0148,0.010499,0.023254,0.014641797,0.023503,0.006228
545,0.0147,0.010511,0.023504,0.014460681,0.023276,0.006165
546,0.0146,0.010522,0.023757,0.014280767,0.023049,0.006107
547,0.0145,0.010529,0.02401,0.014102243,0.022828,0.006054
548,0.0144,0.010528,0.024265,0.01392552,0.02261,0.006006
549,0.0143,0.010519,0.024522,0.01375123,0.022395,0.005962
550,0.0142,0.010503,0.024766,0.013579484,0.022185,0.005923
551,0.0141,0.010478,0.024971,0.013410898,0.021976,0.00589
552,0.014,0.010446,0.025151,0.01324574,0.021773,0.005861
553,0.0139,0.010408,0.025336,0.013084549,0.021572,0.005837
554,0.0139,0.010364,0.025523,0.012927307,0.021374,0.005818
555,0.0138,0.010313,0.025711,0.012774426,0.021181,0.005804
556,0.0138,0.010257,0.025904,0.01262627,0.020988,0.005795
557,0.0137,0.010193,0.026101,0.012482758,0.020802,0.00579
558,0.0137,0.010122,0.026292,0.012344224,0.020617,0.005792
559,0.0137,0.010047,0.02647,0.01221073,0.020435,0.005798
560,0.0136,0.009966,0.026642,0.01208245,0.020257,0.005809
561,0.0136,0.00988,0.026799,0.011959273,0.02008,0.005826
562,0.0136,0.009786,0.026934,0.011841247,0.019909,0.005849
563,0.0135,0.00968,0.02705,0.011728372,0.019738,0.005877
564,0.0135,0.009559,0.027103,0.011620473,0.019572,0.00591
565,0.0134,0.009424,0.027118,0.011517442,0.019409,0.005949
566,0.0134,0.009276,0.027069,0.011419071,0.019248,0.005993
567,0.0133,0.009106,0.026925,0.011325219,0.019091,0.006043
568,0.0132,0.008909,0.0267,0.011235617,0.018934,0.006098
569,0.0131,0.008688,0.026326,0.011149997,0.018782,0.006158
570,0.013,0.00845,0.025816,0.011067995,0.018633,0.006224
571,0.0129,0.008191,0.025185,0.010989263,0.018485,0.006294
572,0.0127,0.007909,0.024407,0.010913518,0.018342,0.006368
573,0.0126,0.007607,0.023475,0.010840348,0.018199,0.006447
574,0.0125,0.007291,0.022459,0.010769422,0.018061,0.006529
575,0.0123,0.006958,0.021316,0.01070036,0.017925,0.006613
576,0.0122,0.006607,0.020085,0.010632752,0.017791,0.0067
577,0.012,0.006257,0.018855,0.010566408,0.01766,0.006787
578,0.0119,0.005908,0.017625,0.010500949,0.017531,0.006874
579,0.0117,0.00556,0.016397,0.01043609,0.017406,0.00696
580,0.0116,0.00522,0.015171,0.01037172,0.017282,0.007044
581,0.0114,0.004886,0.014053,0.01030762,0.017161,0.007124
582,0.0113,0.004563,0.013078,0.010243756,0.017044,0.0072
583,0.0111,0.004254,0.012158,0.010180145,0.016928,0.00727
584,0.011,0.003966,0.011317,0.010116772,0.016816,0.007334
585,0.0109,0.003702,0.010565,0.010053809,0.016704,0.00739
586,0.0107,0.003459,0.009906,0.009991493,0.016597,0.007438
587,0.0106,0.003239,0.009356,0.009930079,0.016492,0.007478
588,0.0105,0.003041,0.008927,0.009869944,0.01639,0.00751
589,0.0104,0.002865,0.008576,0.009811358,0.01629,0.007534
590,0.0103,0.002709,0.008304,0.009754873,0.016193,0.007549
591,0.0102,0.002573,0.008082,0.0097009,0.016099,0.007559
592,0.0101,0.002455,0.007898,0.009650008,0.016007,0.007562
593,0.01,0.002354,0.007776,0.009602782,0.015918,0.00756
594,0.0099,0.002269,0.007676,0.009559711,0.015833,0.007556
595,0.0098,0.002199,0.007591,0.00952138,0.01575,0.007549
596,0.0097,0.002145,0.007517,0.009488421,0.01567,0.007541
597,0.0097,0.002106,0.007455,0.009461372,0.015594,0.007534
598,0.0096,0.002082,0.00742,0.009440784,0.01552,0.00753
599,0.0096,0.002071,0.007423,0.009427244,0.01545,0.007528
600,0.0095,0.002072,0.007406,0.009421271,0.015384,0.007531
601,0.0095,0.002087,0.007355,0.009423357,0.01532,0.007538
602,0.0094,0.002115,0.007304,0.009433975,0.015261,0.007552
603,0.0094,0.002156,0.007253,0.009453519,0.015205,0.007573
604,0.0094,0.002209,0.0072,0.009482338,0.015154,0.007601
605,0.0094,0.00227,0.007148,0.009520669,0.015106,0.007636
606,0.0094,0.002337,0.007065,0.009568764,0.015062,0.007679
607,0.0094,0.002413,0.006966,0.009626671,0.015024,0.00773
608,0.0094,0.002498,0.006907,0.009694248,0.014989,0.007788
609,0.0094,0.002585,0.00689,0.009771226,0.01496,0.007854
610,0.0094,0.002673,0.006904,0.009857304,0.014935,0.007926
611,0.0095,0.002761,0.006944,0.009951741,0.014915,0.008004
612,0.0095,0.002848,0.00699,0.010053524,0.014901,0.008087
613,0.0096,0.002936,0.007008,0.010161612,0.014892,0.008174
614,0.0096,0.00302,0.007017,0.010274392,0.014888,0.008264
615,0.0097,0.003101,0.007028,0.010390143,0.014889,0.008356
616,0.0098,0.00318,0.007042,0.010506731,0.014896,0.008448
617,0.0098,0.003256,0.00706,0.010621676,0.014907,0.008538
618,0.0099,0.003327,0.007086,0.010732561,0.014924,0.008625
619,0.01,0.003394,0.007132,0.01083662,0.014944,0.008708
620,0.0101,0.003456,0.007191,0.010931119,0.014968,0.008785
621,0.0101,0.003516,0.007264,0.011013453,0.014995,0.008855
622,0.0102,0.003573,0.00734,0.011081314,0.015023,0.008916
623,0.0103,0.003629,0.007402,0.011132759,0.015053,0.008968
624,0.0103,0.003682,0.007455,0.01116646,0.01508,0.009011
625,0.0104,0.003731,0.007504,0.011181707,0.015107,0.009044
626,0.0104,0.003776,0.00755,0.011178484,0.015129,0.009068
627,0.0104,0.003817,0.007588,0.011157549,0.015147,0.009084
628,0.0104,0.003854,0.007609,0.011120356,0.015158,0.009091
629,0.0104,0.003887,0.007602,0.011068927,0.015162,0.009093
630,0.0104,0.003915,0.007602,0.011005838,0.015158,0.009091
631,0.0103,0.003938,0.007625,0.010933995,0.015146,0.009087
632,0.0103,0.003957,0.007651,0.010856559,0.015126,0.009084
633,0.0103,0.003969,0.007667,0.010776643,0.015098,0.009083
634,0.0102,0.003974,0.007675,0.010697485,0.015065,0.009089
635,0.0102,0.003976,0.007686,0.01062215,0.015026,0.009103
636,0.0101,0.003975,0.007708,0.010553484,0.014986,0.00913
637,0.0101,0.00397,0.007738,0.010494186,0.014943,0.009172
638,0.01,0.00396,0.00778,0.010446612,0.014901,0.009232
639,0.01,0.003946,0.007853,0.010412958,0.014862,0.009314
640,0.01,0.00393,0.007897,0.010395231,0.014828,0.009421
641,0.01,0.003911,0.007889,0.010395278,0.0148,0.009556
642,0.01,0.00389,0.007872,0.010414791,0.01478,0.009722
643,0.01,0.003868,0.007866,0.010455318,0.01477,0.009921
644,0.0101,0.003853,0.007862,0.010518376,0.014771,0.010155
645,0.0102,0.003844,0.00786,0.010605513,0.014784,0.010424
646,0.0103,0.003851,0.007862,0.01071823,0.014811,0.010727
647,0.0104,0.003874,0.007869,0.01085806,0.014853,0.011059
648,0.0105,0.003915,0.007887,0.01102652,0.014911,0.011411
649,0.0107,0.00398,0.00794,0.0112253,0.014987,0.011774
650,0.0109,0.004073,0.008016,0.011456296,0.015083,0.012133
651,0.0111,0.004202,0.008116,0.011721214,0.015198,0.012471
652,0.0113,0.004371,0.008245,0.012022015,0.015336,0.012773
653,0.0115,0.004586,0.008397,0.012360798,0.015497,0.013028
654,0.0118,0.004844,0.008584,0.012739113,0.015685,0.01323
655,0.0121,0.005148,0.008824,0.013159109,0.0159,0.013385
656,0.0123,0.005492,0.009112,0.013622823,0.016144,0.013505
657,0.0127,0.005879,0.009426,0.014131504,0.016422,0.013609
658,0.013,0.006301,0.009759,0.014686179,0.016731,0.013718
659,0.0134,0.006757,0.010101,0.015287559,0.01708,0.013852
660,0.0138,0.007241,0.010456,0.015935406,0.017465,0.01403
661,0.0143,0.007733,0.010831,0.016627446,0.01789,0.014268
662,0.0148,0.00823,0.01123,0.017360408,0.018358,0.014574
663,0.0154,0.008733,0.011653,0.018129552,0.018864,0.014958
664,0.0159,0.009269,0.012107,0.018927768,0.019416,0.015423
665,0.0166,0.009809,0.012586,0.019743522,0.020001,0.015969
666,0.0172,0.010309,0.013101,0.020563226,0.020623,0.016594
667,0.0178,0.010779,0.013632,0.021370764,0.021272,0.017291
668,0.0184,0.011217,0.014132,0.022146228,0.021932,0.018049
669,0.0191,0.011617,0.014589,0.022867024,0.022601,0.018851
670,0.0196,0.011975,0.015004,0.023509294,0.023246,0.019675
671,0.0201,0.012293,0.015354,0.024049022,0.02386,0.020491
672,0.0205,0.012571,0.015632,0.024463614,0.024413,0.021264
673,0.0208,0.012785,0.015855,0.02473411,0.024876,0.021954
674,0.021,0.01291,0.01603,0.024846922,0.025231,0.02252
675,0.0211,0.012955,0.016164,0.02479573,0.025457,0.022921
676,0.021,0.012943,0.01625,0.024581324,0.025538,0.023127
677,0.0208,0.012866,0.016285,0.024211446,0.025469,0.023116
678,0.0204,0.012712,0.016273,0.02370158,0.025253,0.022884
679,0.02,0.012472,0.016168,0.023070686,0.024899,0.02244
680,0.0194,0.012148,0.01596,0.022340884,0.024423,0.021807
681,0.0188,0.011739,0.015634,0.021536822,0.023852,0.021019
682,0.0181,0.011259,0.015185,0.020681094,0.023199,0.020115
683,0.0173,0.010691,0.014643,0.019794872,0.022504,0.019132
684,0.0166,0.010051,0.014048,0.018896958,0.021772,0.018109
685,0.0158,0.009364,0.013328,0.01800331,0.021032,0.017075
686,0.0151,0.008644,0.012517,0.01712641,0.0203,0.016056
687,0.0144,0.007921,0.011705,0.016274948,0.019578,0.015069
688,0.0137,0.007196,0.010894,0.015455892,0.018891,0.014128
689,0.013,0.006471,0.010082,0.014674471,0.018227,0.013239
690,0.0124,0.00579,0.009271,0.013932803,0.017602,0.012408
691,0.0118,0.005162,0.008474,0.013232121,0.017013,0.011634
692,0.0113,0.004574,0.007703,0.012572929,0.016458,0.010919
693,0.0108,0.004046,0.006963,0.011954754,0.015946,0.010259
694,0.0103,0.003581,0.006296,0.011376063,0.015461,0.009651
695,0.0099,0.003174,0.005675,0.010834724,0.015015,0.009093
696,0.0095,0.002813,0.005066,0.010329013,0.014598,0.008579
697,0.0091,0.002499,0.004524,0.009857035,0.01421,0.008108
698,0.0088,0.002233,0.004116,0.009416579,0.013852,0.007675
699,0.0084,0.002005,0.003732,0.00900551,0.013514,0.007276
700,0.0081,0.001808,0.003348,0.008621823,0.013204,0.00691
701,0.007914,0.001639,0.002964,0.008263526,0.012913,0.006572
702,0.007724,0.001495,0.002581,0.007928772,0.012641,0.00626
703,0.00753,0.001371,0.002197,0.007615742,0.012389,0.005973
704,0.007332,0.001264,0.001813,0.007322826,0.012151,0.005707
705,0.00713,0.001173,0.001429,0.007048522,0.01193,0.00546
706,0.006926,0.001096,0.001045,0.006791519,0.011722,0.005231
707,0.006719,0.001032,0.000661,0.006550411,0.011526,0.005019
708,0.006509,0.00098,0.000297,0.006323903,0.011343,0.004821
709,0.006297,0.000934,0.000073,0.006110919,0.011169,0.004637
710,0.006084,0.000892,0,0.005910527,0.011006,0.004465
711,0.005869,0.000855,0,0.005721828,0.010851,0.004305
712,0.005653,0.000822,0,0.005543746,0.010705,0.004154
713,0.005437,0.000793,0,0.005375587,0.010567,0.004013
714,0.00522,0.000766,0,0.005216812,0.010434,0.003881
715,0.005002,0.000743,0,0.005066665,0.01031,0.003756
716,0.004786,0.000723,0,0.004924418,0.010191,0.003639
717,0.00457,0.000706,0,0.004789549,0.010078,0.003529
718,0.004354,0.000691,0,0.0046616,0.00997,0.003425
719,0.004141,0.000677,0,0.004540098,0.009865,0.003327
720,0.003928,0.000661,0,0.004424616,0.009768,0.003234
721,0.003718,0.000645,0,0.004314759,0.009672,0.003146
722,0.00351,0.00063,0,0.004210163,0.009582,0.003062
723,0.003305,0.000615,0,0.004110449,0.009494,0.002983
724,0.003103,0.000602,0,0.00401527,0.00941,0.002908
725,0.002904,0.000589,0,0.003924404,0.00933,0.002836
726,0.002709,0.00057,0,0.003837567,0.009251,0.002768
727,0.002517,0.000549,0,0.003754522,0.009177,0.002703
728,0.00233,0.000532,0,0.003675033,0.009104,0.002641
729,0.002148,0.000519,0,0.003598877,0.009034,0.002582
730,0.001971,0.00051,0,0.003525896,0.008967,0.002525
731,0.001799,0.000501,0,0.003455871,0.008901,0.002471
732,0.001633,0.00049,0,0.003388626,0.008838,0.002419
733,0.001473,0.00048,0,0.00332402,0.008776,0.00237
734,0.001319,0.000473,0,0.003261942,0.008717,0.002322
735,0.001172,0.000468,0,0.003202233,0.008659,0.002277
736,0.001032,0.000463,0,0.00314469,0.008603,0.002233
737,0.000899,0.000458,0,0.003089279,0.008548,0.002191
738,0.000774,0.000454,0,0.003035891,0.008495,0.00215
739,0.000657,0.00045,0,0.002984383,0.008443,0.002111
740,0.000549,0.000438,0,0.00293466,0.008393,0.002074
741,0.000449,0.000426,0,0.002886644,0.008343,0.002038
742,0.000359,0.000424,0,0.002840255,0.008296,0.002003
743,0.000277,0.000422,0,0.002795399,0.008248,0.001969
744,0.000206,0.000414,0,0.002752028,0.008203,0.001937
745,0.000144,0.000407,0,0.002710079,0.008158,0.001905
746,9.32E-05,0.000401,0,0.002669442,0.008114,0.001875
747,5.30E-05,0.000394,0,0.002630068,0.008072,0.001846
748,2.38E-05,0.000382,0,0.002591895,0.008029,0.001817
749,6.00E-06,0.000369,0,0.002554907,0.007989,0.00179
750,0,0.000361,0,0.00251901,0.007949,0.001763
751,0,0.000355,0,0.002484171,0.007909,0.001737
752,0,0.000351,0,0.002450375,0.007871,0.001713
753,0,0.000347,0,0.002417511,0.007833,0.001688
754,0,0.00034,0,0.002385579,0.007796,0.001665
755,0,0.000333,0,0.002354532,0.00776,0.001642
756,0,0.000328,0,0.002324354,0.007724,0.00162
757,0,0.000327,0,0.002294982,0.007689,0.001598
758,0,0.000328,0,0.002266384,0.007654,0.001577
759,0,0.00033,0,0.002238544,0.007621,0.001557
760,0,0.000331,0,0.002211415,0.007587,0.001537
761,0,0.00033,0,0.002184982,0.007554,0.001518
762,0,0.000324,0,0.002159212,0.007523,0.001499
763,0,0.000318,0,0.00213409,0.007491,0.001481
764,0,0.000317,0,0.002109584,0.00746,0.001463
765,0,0.000316,0,0.002085679,0.007429,0.001446
766,0,0.000313,0,0.002062342,0.007399,0.001429
767,0,0.000309,0,0.002039559,0.007369,0.001412
768,0,0.000302,0,0.002017312,0.007339,0.001396
769,0,0.000295,0,0.001995572,0.007311,0.001381
770,0,0.000294,0,0.001974321,0.007282,0.001365
771,0,0.000294,0,0.001953544,0.007254,0.00135
772,0,0.000281,0,0.001933225,0.007226,0.001336
773,0,0.00027,0,0.001913364,0.007199,0.001321
774,0,0.000271,0,0.00189393,0.007172,0.001307
775,0,0.000272,0,0.001874907,0.007145,0.001294
776,0,0.000271,0,0.001856295,0.007119,0.00128
777,0,0.00027,0,0.001838077,0.007093,0.001267
778,0,0.00027,0,0.001820239,0.007068,0.001255
779,0,0.00027,0,0.001802748,0.007043,0.001242
780,0,0.00027,0,0.001785605,0.007018,0.00123
781,0,0.00027,0,0.00176881,0.006993,0.001218
782,0,0.000281,0,0.001752378,0.006969,0.001206
783,0,0.000294,0,0.001736246,0.006945,0.001195
784,0,0.000293,0,0.00172043,0.006921,0.001183
785,0,0.000292,0,0.001704899,0.006897,0.001172
786,0,0.000294,0,0.001689668,0.006874,0.001162
787,0,0.000296,0,0.001674721,0.006851,0.001151
788,0,0.000302,0,0.001660059,0.006828,0.00114
789,0,0.000306,0,0.001645649,0.006806,0.00113
790,0,0.000301,0,0.001631508,0.006784,0.00112
791,0,0.000294,0,0.001617636,0.006762,0.00111
792,0,0.00029,0,0.001604,0.00674,0.001101
793,0,0.000286,0,0.001590602,0.006719,0.001091
794,0,0.000279,0,0.001577437,0.006698,0.001082
795,0,0.000272,0,0.0015645,0.006676,0.001073
796,0,0.000267,0,0.001551784,0.006656,0.001064
797,0,0.000261,0,0.001539282,0.006635,0.001055
798,0,0.000252,0,0.001526988,0.006615,0.001046
799,0,0.000243,0,0.001514898,0.006595,0.001038
800,0,0.000239,0,0.001503007,0.006574,0.00103
801,0,0.000235,0,0.001491311,0.006555,0.001021
802,0,0.000231,0,0.001479806,0.006535,0.001013
803,0,0.000226,0,0.001468484,0.006519,0.001005
804,0,0.000223,0,0.001457337,0.006543,0.000997
805,0,0.00022,0,0.001446365,0,0.00099
806,0,0.000218,0,0.001435564,0,0.000982
807,0,0.000216,0,0.001424933,0,0.000975
808,0,0.000212,0,0.001414462,0,0.000967
809,0,0.000206,0,0.001404149,0,0.00096
810,0,0.000203,0,0.001393988,0,0.000953
811,0,0.0002,0,0.001383976,0,0.000946
812,0,0.000189,0,0.001374117,0,0.000939
813,0,0.000178,0,0.001364404,0,0.000932
814,0,0.000186,0,0.001354823,0,0.000926
815,0,0.000193,0,0.001345378,0,0.000919
816,0,0.000188,0,0.001336102,0,0.000913
817,0,0.000184,0,0.001326966,0,0.000906
818,0,0.000179,0,0,0,0
819,0,0.000175,0,0,0,0
820,0,0.000173,0,0,0,0
821,0,0.000172,0,0,0,0
822,0,0.000175,0,0,0,0
823,0,0.000177,0,0,0,0
824,0,0.00016,0,0,0,0
825,0,0.00014,0,0,0,0
826,0,0.000132,0,0,0,0
827,0,0.000123,0,0,0,0
828,0,0.000115,0,0,0,0
829,0,0.000108,0,0,0,0
830,0,0.000105,0,0,0,0
831,0,0.000103,0,0,0,0
832,0,0.000099,0,0,0,0
833,0,0.000095,0,0,0,0
834,0,0.000089,0,0,0,0
835,0,0.000081,0,0,0,0
836,0,0.000069,0,0,0,0
837,0,0.000056,0,0,0,0
838,0,0.000056,0,0,0,0
839,0,0.000054,0,0,0,0
840,0,0.00004,0,0,0,0
841,0,0.000027,0,0,0,0
842,0,0.000013,0,0,0,0
843,0,0,0,0,0,0
844,0,0,0,0,0,0
845,0,0,0,0,0,0
846,0,0,0,0,0,0
847,0,0,0,0,0,0
848,0,0,0,0,0,0
849,0,0,0,0,0,0
850,0,0,0,0,0,0
851,0,0,0,0,0,0
852,0,0,0,0,0,0
853,0,0,0,0,0,0
854,0,0,0,0,0,0
855,0,0,0,0,0,0
856,0,0,0,0,0,0
857,0,0,0,0,0,0
858,0,0,0,0,0,0
859,0,0,0,0,0,0
860,0,0,0,0,0,0
861,0,0,0,0,0,0
862,0,0,0,0,0,0
863,0,0,0,0,0,0
864,0,0,0,0,0,0
865,0,0,0,0,0,0
866,0,0,0,0,0,0
867,0,0,0,0,0,0
868,0,0,0,0,0,0
869,0,0,0,0,0,0
870,0,0,0,0,0,0
871,0,0,0,0,0,0
872,0,0,0,0,0,0
873,0,0,0,0,0,0
874,0,0,0,0,0,0
875,0,0,0,0,0,0
876,0,0,0,0,0,0
877,0,0,0,0,0,0
878,0,0,0,0,0,0
879,0,0,0,0,0,0
880,0,0,0,0,0,0
881,0,0,0,0,0,0
882,0,0,0,0,0,0
883,0,0,0,0,0,0
884,0,0,0,0,0,0
885,0,0,0,0,0,0
886,0,0,0,0,0,0
887,0,0,0,0,0,0
888,0,0,0,0,0,0
889,0,0,0,0,0,0
890,0,0,0,0,0,0
891,0,0,0,0,0,0
892,0,0,0,0,0,0
893,0,0,0,0,0,0
894,0,0,0,0,0,0
895,0,0,0,0,0,0
896,0,0,0,0,0,0
897,0,0,0,0,0,0
898,0,0,0,0,0,0
899,0,0,0,0,0,0
900,0,0,0,0,0,0
901,0,0,0,0,0,0
902,0,0,0,0,0,0
903,0,0,0,0,0,0
904,0,0,0,0,0,0
905,0,0,0,0,0,0
906,0,0,0,0,0,0
907,0,0,0,0,0,0
908,0,0,0,0,0,0
909,0,0,0,0,0,0
910,0,0,0,0,0,0
911,0,0,0,0,0,0
912,0,0,0,0,0,0
913,0,0,0,0,0,0
914,0,0,0,0,0,0
915,0,0,0,0,0,0
916,0,0,0,0,0,0
917,0,0,0,0,0,0
918,0,0,0,0,0,0
919,0,0,0,0,0,0
920,0,0,0,0,0,0
921,0,0,0,0,0,0
922,0,0,0,0,0,0
923,0,0,0,0,0,0
924,0,0,0,0,0,0
925,0,0,0,0,0,0
926,0,0,0,0,0,0
927,0,0,0,0,0,0
928,0,0,0,0,0,0
929,0,0,0,0,0,0
930,0,0,0,0,0,0
931,0,0,0,0,0,0
932,0,0,0,0,0,0
933,0,0,0,0,0,0
934,0,0,0,0,0,0
935,0,0,0,0,0,0
936,0,0,0,0,0,0
937,0,0,0,0,0,0
938,0,0,0,0,0,0
939,0,0,0,0,0,0
940,0,0,0,0,0,0
941,0,0,0,0,0,0
942,0,0,0,0,0,0
943,0,0,0,0,0,0
944,0,0,0,0,0,0
945,0,0,0,0,0,0
946,0,0,0,0,0,0
947,0,0,0,0,0,0
948,0,0,0,0,0,0
949,0,0,0,0,0,0
950,0,0,0,0,0,0
951,0,0,0,0,0,0
952,0,0,0,0,0,0
953,0,0,0,0,0,0
954,0,0,0,0,0,0
955,0,0,0,0,0,0
956,0,0,0,0,0,0
957,0,0,0,0,0,0
958,0,0,0,0,0,0
959,0,0,0,0,0,0
960,0,0,0,0,0,0
961,0,0,0,0,0,0
962,0,0,0,0,0,0
963,0,0,0,0,0,0
964,0,0,0,0,0,0
965,0,0,0,0,0,0
966,0,0,0,0,0,0
967,0,0,0,0,0,0
968,0,0,0,0,0,0
969,0,0,0,0,0,0
970,0,0,0,0,0,0
971,0,0,0,0,0,0
972,0,0,0,0,0,0
973,0,0,0,0,0,0
974,0,0,0,0,0,0
975,0,0,0,0,0,0
976,0,0,0,0,0,0
977,0,0,0,0,0,0
978,0,0,0,0,0,0
979,0,0,0,0,0,0
980,0,0,0,0,0,0
981,0,0,0,0,0,0
982,0,0,0,0,0,0
983,0,0,0,0,0,0
984,0,0,0,0,0,0
985,0,0,0,0,0,0
986,0,0,0,0,0,0
987,0,0,0,0,0,0
988,0,0,0,0,0,0
989,0,0,0,0,0,0
990,0,0,0,0,0,0
991,0,0,0,0,0,0
992,0,0,0,0,0,0
993,0,0,0,0,0,0
994,0,0,0,0,0,0
995,0,0,0,0,0,0
996,0,0,0,0,0,0
997,0,0,0,0,0,0
998,0,0,0,0,0,0
999,0,0,0,0,0,0
1000,0,0,0,0,0,0
1001,0,0,0,0,0,0
1002,0,0,0,0,0,0
1003,0,0,0,0,0,0
1004,0,0,0,0,0,0
1005,0,0,0,0,0,0
1006,0,0,0,0,0,0
1007,0,0,0,0,0,0
1008,0,0,0,0,0,0
1009,0,0,0,0,0,0
1010,0,0,0,0,0,0
1011,0,0,0,0,0,0
1012,0,0,0,0,0,0
1013,0,0,0,0,0,0
1014,0,0,0,0,0,0
1015,0,0,0,0,0,0
1016,0,0,0,0,0,0
1017,0,0,0,0,0,0
1018,0,0,0,0,0,0
1019,0,0,0,0,0,0
1020,0,0,0,0,0,0
1021,0,0,0,0,0,0
1022,0,0,0,0,0,0
1023,0,0,0,0,0,0
1024,0,0,0,0,0,0
1025,0,0,0,0,0,0
1026,0,0,0,0,0,0
1027,0,0,0,0,0,0
1028,0,0,0,0,0,0
1029,0,0,0,0,0,0
1030,0,0,0,0,0,0
1031,0,0,0,0,0,0
1032,0,0,0,0,0,0
1033,0,0,0,0,0,0
1034,0,0,0,0,0,0
1035,0,0,0,0,0,0
1036,0,0,0,0,0,0
1037,0,0,0,0,0,0
1038,0,0,0,0,0,0
1039,0,0,0,0,0,0
1040,0,0,0,0,0,0
1041,0,0,0,0,0,0
1042,0,0,0,0,0,0
1043,0,0,0,0,0,0
1044,0,0,0,0,0,0
1045,0,0,0,0,0,0
1046,0,0,0,0,0,0
1047,0,0,0,0,0,0
1048,0,0,0,0,0,0
1049,0,0,0,0,0,0
1050,0,0,0,0,0,0
1051,0,0,0,0,0,0
1052,0,0,0,0,0,0
1053,0,0,0,0,0,0
1054,0,0,0,0,0,0
1055,0,0,0,0,0,0
1056,0,0,0,0,0,0
1057,0,0,0,0,0,0
1058,0,0,0,0,0,0
1059,0,0,0,0,0,0
1060,0,0,0,0,0,0
1061,0,0,0,0,0,0
1062,0,0,0,0,0,0
1063,0,0,0,0,0,0
1064,0,0,0,0,0,0
1065,0,0,0,0,0,0
1066,0,0,0,0,0,0
1067,0,0,0,0,0,0
1068,0,0,0,0,0,0
1069,0,0,0,0,0,0
1070,0,0,0,0,0,0
1071,0,0,0,0,0,0
1072,0,0,0,0,0,0
1073,0,0,0,0,0,0
1074,0,0,0,0,0,0
1075,0,0,0,0,0,0
1076,0,0,0,0,0,0
1077,0,0,0,0,0,0
1078,0,0,0,0,0,0
1079,0,0,0,0,0,0
1080,0,0,0,0,0,0
1081,0,0,0,0,0,0
1082,0,0,0,0,0,0
1083,0,0,0,0,0,0
1084,0,0,0,0,0,0
1085,0,0,0,0,0,0
1086,0,0,0,0,0,0
1087,0,0,0,0,0,0
1088,0,0,0,0,0,0
1089,0,0,0,0,0,0
1090,0,0,0,0,0,0
1091,0,0,0,0,0,0
1092,0,0,0,0,0,0
1093,0,0,0,0,0,0
1094,0,0,0,0,0,0
1095,0,0,0,0,0,0
1096,0,0,0,0,0,0
1097,0,0,0,0,0,0
1098,0,0,0,0,0,0
1099,0,0,0,0,0,0
1100,0,0,0,0,0,0
