Irradiance reflectance or albedo [-] of six benthic substrate types.

Spectra 1.-4. are averages of in water spectra collected with an ASD Handheld-2 with a customized underwater housing using a Spectralon panel 
as white reference. Substrate and panel were illuminated with a tungsten halogen light source at ~ 10 cm distance (Greg Asner, personal communication).


0. constant; a constant irradiance reflectance of 0.1 or 10 % [1]
1. sand; spectrum is an average of 24 single measurements that have been smoothed using a Savitzky-Golay filter (window size=45, poyorder=5)
2. coral; spectrum is an average of 101 single measurements that have been smoothed using a Savitzky-Golay filter (window size=45, poyorder=5)
3. cca (crustose coralline algae); spectrum is an average of 751 single measurements that have been smoothed using a Savitzky-Golay filter (window size=45, poyorder=5)
4. macroalgae; spectrum is an average of 102 single measurements that have been smoothed using a Savitzky-Golay filter (window size=45, poyorder=5)
5. seagrass; seagrass (Zostera marina) from the Wismar bay in the Baltic Sea (Germany); measured in air (Schnalzger 2017 [2]) as provided with WASI6 [1]

[1] Gege (2021): The Water Colour Simulator WASI. User manual for WASI version 6.
[2] Schnalzger (2017): Spektrale Datenbank für den Untergrund der Ostsee sowie Einfluss auf die Bestimmung der Wassertiefe. Master Thesis University of Augsburg, 68 pp.

wavelength_nm,constant,sand,coral,cca,macroalgae,seagrass
325,0.1,0.231602736,0.083026451,0.342022357,-0.074729044,0.01549
326,0.1,0.215021716,0.088714404,0.350172469,-0.07522003,0.01549
327,0.1,0.202907776,0.092544621,0.359903925,-0.073495808,0.01549
328,0.1,0.194510706,0.094747788,0.370305755,-0.07009397,0.01549
329,0.1,0.189155719,0.095540808,0.38060469,-0.065487161,0.01549
330,0.1,0.186239899,0.095127058,0.390157192,-0.060086496,0.01549
331,0.1,0.185228667,0.093696657,0.398441481,-0.054244988,0.01549
332,0.1,0.185652231,0.091426726,0.405049569,-0.048260967,0.01549
333,0.1,0.187102047,0.088481657,0.409679279,-0.042381503,0.01549
334,0.1,0.189227274,0.085013374,0.412126285,-0.036805833,0.01549
335,0.1,0.191731232,0.081161595,0.41227613,-0.031688779,0.01549
336,0.1,0.194367858,0.077054102,0.410096261,-0.027144173,0.01549
337,0.1,0.196938163,0.072806998,0.405628056,-0.023248279,0.01549
338,0.1,0.19928669,0.068524978,0.398978853,-0.020043218,0.01549
339,0.1,0.201297969,0.064301586,0.390313976,-0.017540387,0.01549
340,0.1,0.202892978,0.060219485,0.379848766,-0.015723884,0.01549
341,0.1,0.204025593,0.056350716,0.367840609,-0.014553934,0.01549
342,0.1,0.204679052,0.052756966,0.354580967,-0.013970306,0.01549
343,0.1,0.204862407,0.04948983,0.340387401,-0.013895738,0.01549
344,0.1,0.204606984,0.046591074,0.325595603,-0.014239362,0.01549
345,0.1,0.203962839,0.044092902,0.310551425,-0.014900124,0.01549
346,0.1,0.202995212,0.042018218,0.295602908,-0.01577021,0.01549
347,0.1,0.20178099,0.04038089,0.281092307,-0.016738464,0.01549
348,0.1,0.198512169,0.037955308,0.265042381,-0.025267439,0.01549
349,0.1,0.199094685,0.037626461,0.24997151,-0.025146515,0.01549
350,0.1,0.200716535,0.038145111,0.239566015,-0.020644115,0.01549
351,0.1,0.202221072,0.038486855,0.233735281,-0.017136128,0.01549
352,0.1,0.20272017,0.039423345,0.233592514,-0.015542791,0.01549
353,0.1,0.200332657,0.041564285,0.231327925,-0.014544828,0.01549
354,0.1,0.195878317,0.044725359,0.223419224,-0.011988225,0.01549
355,0.1,0.191791222,0.045488102,0.22163001,-0.008944433,0.01549
356,0.1,0.189487021,0.044171223,0.225636882,-0.007024903,0.01549
357,0.1,0.192546674,0.045012842,0.229913007,-0.007673159,0.01549
358,0.1,0.197787678,0.046301609,0.233988006,-0.007337232,0.01549
359,0.1,0.200625472,0.04718221,0.23686385,-0.00414182,0.01549
360,0.1,0.20274006,0.048188027,0.237604153,0.000191706,0.01549
361,0.1,0.203103719,0.048847429,0.235149437,0.004338479,0.01549
362,0.1,0.199367582,0.049320016,0.229315721,0.006675904,0.01549
363,0.1,0.194730943,0.050346263,0.222272393,0.007224841,0.01549
364,0.1,0.192705443,0.051214365,0.216314926,0.005116536,0.01549
365,0.1,0.193133829,0.051612081,0.212208942,-0.000979991,0.01549
366,0.1,0.19291616,0.051774262,0.208802944,-0.008315952,0.01549
367,0.1,0.190935619,0.05188382,0.204722749,-0.011784283,0.01549
368,0.1,0.189935547,0.051376413,0.200717966,-0.007938269,0.01549
369,0.1,0.189284019,0.050860562,0.197835122,-0.001139039,0.01549
370,0.1,0.187488988,0.050814655,0.197339417,0.002738115,0.01549
371,0.1,0.18540362,0.050838864,0.199503011,0.004852373,0.01549
372,0.1,0.182886051,0.050511763,0.203717998,0.006186876,0.01549
373,0.1,0.179147882,0.050290865,0.208195649,0.00736502,0.01549
374,0.1,0.174805177,0.050111094,0.20956923,0.00862296,0.01549
375,0.1,0.171560156,0.049826371,0.206919739,0.009637186,0.01549
376,0.1,0.169362647,0.049110935,0.201781554,0.008723131,0.01549
377,0.1,0.16781167,0.048342076,0.195751387,0.007386049,0.01549
378,0.1,0.16611399,0.048153417,0.19204173,0.009308595,0.01549
379,0.1,0.164411698,0.048403388,0.191741839,0.011955216,0.01549
380,0.1,0.161630505,0.048518832,0.192566719,0.013443355,0.01549
381,0.1,0.15937658,0.048487559,0.190655816,0.014882963,0.01549
382,0.1,0.158257191,0.048360468,0.186592393,0.016358757,0.01561
383,0.1,0.157473401,0.048432436,0.18193916,0.017769724,0.01557
384,0.1,0.15613251,0.048548899,0.177928991,0.019401915,0.01544
385,0.1,0.154849942,0.048458022,0.175376995,0.021068646,0.01525
386,0.1,0.154356551,0.048069342,0.173703635,0.022166197,0.01505
387,0.1,0.153543252,0.047705136,0.170190613,0.022831144,0.01484
388,0.1,0.152151989,0.047452541,0.163752717,0.023459799,0.01465
389,0.1,0.151232198,0.047228873,0.159092462,0.024712323,0.01447
390,0.1,0.150651358,0.046931845,0.155922321,0.026308648,0.01431
391,0.1,0.149873043,0.046544198,0.151157198,0.027548589,0.01417
392,0.1,0.149270768,0.046308508,0.147110522,0.02895931,0.01403
393,0.1,0.149213675,0.046255281,0.144729668,0.030338097,0.01392
394,0.1,0.149291092,0.046046031,0.143084027,0.030383758,0.01381
395,0.1,0.149218453,0.045945492,0.141906076,0.029881377,0.01371
396,0.1,0.149155157,0.046222112,0.140715335,0.03005108,0.01362
397,0.1,0.148622755,0.046554796,0.138071712,0.030406152,0.01354
398,0.1,0.147928379,0.046816688,0.135374633,0.030510735,0.01346
399,0.1,0.147875462,0.046872289,0.135213643,0.02996373,0.01338
400,0.1,0.148033715,0.046826818,0.135819287,0.02883551,0.0133
401,0.1,0.147825013,0.046836142,0.135915564,0.027601167,0.0132
402,0.1,0.147911271,0.046939942,0.136084543,0.027205918,0.0131
403,0.1,0.1482456,0.047194225,0.135693704,0.027262235,0.01298
404,0.1,0.148398436,0.047557516,0.134211415,0.027096909,0.01285
405,0.1,0.148403857,0.04781057,0.13260986,0.027172736,0.01272
406,0.1,0.148318369,0.047994553,0.131247675,0.02746395,0.01257
407,0.1,0.148224852,0.048270633,0.129958123,0.027560242,0.01243
408,0.1,0.148158235,0.048549009,0.128545887,0.02753177,0.01229
409,0.1,0.148207067,0.048794187,0.127049527,0.02745974,0.01215
410,0.1,0.148421526,0.049056039,0.125997892,0.027207231,0.01201
411,0.1,0.148704781,0.049322711,0.125252274,0.026856624,0.01189
412,0.1,0.148950805,0.049583155,0.12458061,0.026488172,0.01178
413,0.1,0.149246941,0.049824579,0.124001372,0.026029832,0.01168
414,0.1,0.149606993,0.050035365,0.123478487,0.025555007,0.01159
415,0.1,0.150026671,0.050229553,0.122954698,0.025177682,0.01151
416,0.1,0.150512467,0.050406463,0.122423945,0.024853676,0.01142
417,0.1,0.151070498,0.050564165,0.121905514,0.024548939,0.01134
418,0.1,0.151668634,0.050704666,0.121408968,0.024223034,0.01125
419,0.1,0.152278781,0.050829394,0.120936251,0.023836405,0.01115
420,0.1,0.152873008,0.050943905,0.12048341,0.023402149,0.01105
421,0.1,0.153470839,0.051059445,0.120010498,0.023029954,0.01094
422,0.1,0.154082996,0.051186353,0.11949449,0.022756635,0.01083
423,0.1,0.154677709,0.051334909,0.11894228,0.022474157,0.01073
424,0.1,0.15524045,0.051511089,0.118331861,0.022173425,0.01064
425,0.1,0.155761516,0.051717724,0.117649316,0.021887155,0.01056
426,0.1,0.156243491,0.051962947,0.116902584,0.021624487,0.01049
427,0.1,0.156688331,0.052252661,0.11609915,0.021408318,0.01043
428,0.1,0.157086174,0.052594653,0.11525705,0.021255419,0.01037
429,0.1,0.157444847,0.052987115,0.114391659,0.021148942,0.01032
430,0.1,0.157782236,0.05342723,0.11350889,0.02107447,0.01028
431,0.1,0.158106356,0.053915591,0.112575487,0.021014229,0.01022
432,0.1,0.158423999,0.054446016,0.111611174,0.020982372,0.01017
433,0.1,0.158739793,0.055012663,0.11069215,0.021040912,0.01011
434,0.1,0.159061691,0.055610423,0.109844087,0.021170725,0.01005
435,0.1,0.159396979,0.056235808,0.109086218,0.021343748,0.009988
436,0.1,0.159757692,0.056882405,0.108451376,0.02156323,0.009928
437,0.1,0.160155895,0.05754284,0.107949785,0.021779439,0.009873
438,0.1,0.160604243,0.058211684,0.107587765,0.021935962,0.009823
439,0.1,0.161107265,0.058886433,0.107451039,0.022139497,0.009781
440,0.1,0.16165268,0.059564466,0.107533094,0.022451894,0.009745
441,0.1,0.162234508,0.060238357,0.107711988,0.022838766,0.009714
442,0.1,0.162873736,0.06089813,0.108101025,0.023231765,0.009689
443,0.1,0.163597186,0.061536474,0.108831463,0.023580978,0.009666
444,0.1,0.164363062,0.062154394,0.109742621,0.02396076,0.009645
445,0.1,0.165146367,0.062748316,0.110729751,0.024351135,0.009627
446,0.1,0.165937985,0.063311448,0.111763637,0.024709984,0.009612
447,0.1,0.166760227,0.063841701,0.112852617,0.025067269,0.009598
448,0.1,0.167599516,0.06433812,0.114011342,0.025430893,0.009588
449,0.1,0.168423716,0.064807935,0.11527472,0.025795527,0.009582
450,0.1,0.169223126,0.065250429,0.11657,0.02618241,0.009577
451,0.1,0.169999647,0.065662684,0.117766668,0.026595837,0.009575
452,0.1,0.170762436,0.066050031,0.118919003,0.027035889,0.009572
453,0.1,0.171509066,0.066421087,0.120022083,0.027471898,0.009567
454,0.1,0.172236521,0.066776896,0.120994264,0.027848253,0.009557
455,0.1,0.172939379,0.06711467,0.121958913,0.028089261,0.009541
456,0.1,0.173617111,0.067434845,0.122978092,0.028189525,0.009518
457,0.1,0.174278894,0.067739773,0.123896759,0.02836742,0.009489
458,0.1,0.17492429,0.068025228,0.124663105,0.028571661,0.009457
459,0.1,0.17555938,0.068294235,0.12525764,0.028616733,0.009425
460,0.1,0.176194821,0.068556749,0.12575654,0.028608779,0.009395
461,0.1,0.176840732,0.06881088,0.126219021,0.028605752,0.00937
462,0.1,0.177507706,0.069044765,0.126654827,0.028557548,0.009349
463,0.1,0.178193931,0.069266192,0.127049663,0.028493005,0.009332
464,0.1,0.178893547,0.069487067,0.127378871,0.028442449,0.009321
465,0.1,0.179631916,0.069715481,0.127696701,0.028347387,0.009313
466,0.1,0.1804135,0.06995478,0.128038846,0.028194486,0.009309
467,0.1,0.181217241,0.070198337,0.128415632,0.028045524,0.00931
468,0.1,0.182043969,0.070449138,0.128792693,0.027912836,0.009316
469,0.1,0.182895881,0.070712831,0.129130226,0.02778572,0.009329
470,0.1,0.18376965,0.070987516,0.129437133,0.027674881,0.009347
471,0.1,0.184655261,0.071275238,0.129741227,0.027562388,0.00937
472,0.1,0.185541685,0.071587436,0.130064528,0.027424117,0.009399
473,0.1,0.186426565,0.071915608,0.1303525,0.027301231,0.009431
474,0.1,0.187307272,0.072251423,0.130565454,0.027211457,0.009465
475,0.1,0.188181427,0.072596085,0.13071223,0.027151933,0.0095
476,0.1,0.189042242,0.07294432,0.130803462,0.027135067,0.009535
477,0.1,0.189876726,0.073288174,0.130838665,0.027162367,0.009569
478,0.1,0.190684397,0.07362344,0.130788661,0.027209369,0.009601
479,0.1,0.191465807,0.073948141,0.130647201,0.027260394,0.00963
480,0.1,0.192223565,0.074260922,0.130427124,0.0272989,0.009656
481,0.1,0.192957923,0.074553327,0.130093508,0.027325871,0.009677
482,0.1,0.193666594,0.074821868,0.129621696,0.027349988,0.009694
483,0.1,0.194348161,0.075070453,0.129051879,0.027379139,0.009706
484,0.1,0.195003032,0.075297113,0.128412653,0.02743438,0.009714
485,0.1,0.195635293,0.075493206,0.127713802,0.027540767,0.009719
486,0.1,0.196249941,0.075665009,0.126995545,0.027671782,0.009722
487,0.1,0.196855375,0.075819075,0.126264549,0.027791496,0.009725
488,0.1,0.197452842,0.075955302,0.125464963,0.027877213,0.009728
489,0.1,0.198048142,0.076075828,0.124652264,0.027954788,0.009731
490,0.1,0.198651621,0.076185522,0.12390603,0.028050966,0.009737
491,0.1,0.199273283,0.076288974,0.123226882,0.028143224,0.009745
492,0.1,0.199919324,0.076392654,0.122652382,0.028256257,0.009755
493,0.1,0.20059743,0.076502853,0.122240086,0.028431264,0.009767
494,0.1,0.201305268,0.076624836,0.121915756,0.028637659,0.00978
495,0.1,0.202041393,0.076763948,0.121655992,0.028857964,0.009796
496,0.1,0.202816165,0.076921389,0.121590126,0.029119714,0.009812
497,0.1,0.203632459,0.077099468,0.121730565,0.029432665,0.00983
498,0.1,0.204486673,0.077299366,0.122037619,0.029795878,0.00985
499,0.1,0.205391784,0.077524293,0.122544793,0.030161976,0.00987
500,0.1,0.206340278,0.077776902,0.123266421,0.030544322,0.009893
501,0.1,0.207314674,0.078061089,0.124185032,0.031032253,0.009918
502,0.1,0.208299927,0.07836949,0.125236059,0.031565456,0.009945
503,0.1,0.209297743,0.078701208,0.126369298,0.032080786,0.009975
504,0.1,0.21032615,0.07905219,0.127629603,0.03264651,0.01001
505,0.1,0.211391126,0.07941689,0.129017125,0.033260652,0.01004
506,0.1,0.212487799,0.079789304,0.130500564,0.033874591,0.01008
507,0.1,0.213592962,0.080170569,0.132026443,0.034487947,0.01012
508,0.1,0.214699014,0.080560055,0.133578942,0.035100242,0.01016
509,0.1,0.215819665,0.080956309,0.135202188,0.035701748,0.0102
510,0.1,0.216954499,0.081348891,0.136871553,0.036315864,0.01023
511,0.1,0.218093883,0.081728407,0.13853093,0.036950704,0.01027
512,0.1,0.219245933,0.082099071,0.140115878,0.037559384,0.01031
513,0.1,0.220408096,0.082458754,0.141615188,0.038137645,0.01035
514,0.1,0.221569124,0.082802118,0.143048225,0.038683289,0.0104
515,0.1,0.222730678,0.083133104,0.144404699,0.039190798,0.01047
516,0.1,0.223893837,0.08345615,0.145662701,0.039661003,0.01054
517,0.1,0.225053912,0.083761595,0.146778585,0.040084846,0.01063
518,0.1,0.226216528,0.084051131,0.147755913,0.040473864,0.01073
519,0.1,0.227386341,0.084332494,0.148614276,0.040853586,0.01086
520,0.1,0.228555998,0.084601921,0.149349235,0.041201086,0.01101
521,0.1,0.22972232,0.084861561,0.149969468,0.041508349,0.01118
522,0.1,0.230886078,0.085119567,0.150498933,0.041805089,0.01138
523,0.1,0.232051097,0.085380293,0.150940328,0.042082493,0.01161
524,0.1,0.233224107,0.085647686,0.151285478,0.042321232,0.01186
525,0.1,0.234402966,0.085919952,0.151525437,0.042537154,0.01215
526,0.1,0.23558263,0.086204149,0.151698995,0.04273791,0.01247
527,0.1,0.236764045,0.086510157,0.151868792,0.042916056,0.01282
528,0.1,0.237949636,0.086835252,0.152001445,0.043094613,0.01321
529,0.1,0.239141647,0.087178168,0.15207932,0.043287069,0.01364
530,0.1,0.240341508,0.087549597,0.152152329,0.043466777,0.01411
531,0.1,0.24155085,0.087950888,0.152218149,0.043632322,0.01462
532,0.1,0.242772507,0.088382757,0.152258969,0.043786044,0.01518
533,0.1,0.244009356,0.088849363,0.152299274,0.04392834,0.01578
534,0.1,0.245262744,0.089351179,0.152350152,0.044068077,0.01643
535,0.1,0.246526912,0.089890376,0.152408389,0.044212518,0.01712
536,0.1,0.247809319,0.090471441,0.152500427,0.044360817,0.01786
537,0.1,0.249118643,0.091097541,0.152647706,0.044512928,0.01864
538,0.1,0.25045015,0.091767815,0.15282791,0.044664965,0.01947
539,0.1,0.251802548,0.09248395,0.153047903,0.044822234,0.02033
540,0.1,0.253178853,0.093248872,0.153332932,0.045006513,0.02124
541,0.1,0.254580628,0.094065105,0.153655093,0.045205507,0.02218
542,0.1,0.256007804,0.094931906,0.154000648,0.045399476,0.02315
543,0.1,0.257461525,0.095846649,0.154410306,0.045587821,0.02413
544,0.1,0.25894181,0.096806134,0.154882206,0.045795493,0.02513
545,0.1,0.260447352,0.097806791,0.155387754,0.046039008,0.02612
546,0.1,0.261977249,0.098843505,0.155895011,0.04630136,0.02712
547,0.1,0.263531365,0.099915323,0.156387552,0.046579538,0.02809
548,0.1,0.26511094,0.101023236,0.156862463,0.046869085,0.02905
549,0.1,0.266717223,0.102171012,0.157299054,0.047153581,0.02999
550,0.1,0.268347417,0.103362577,0.157673576,0.047427477,0.03089
551,0.1,0.269996251,0.10460259,0.157972543,0.047705176,0.03175
552,0.1,0.271658621,0.105896355,0.158177299,0.047986118,0.03258
553,0.1,0.273329413,0.107249433,0.158255107,0.048265464,0.03336
554,0.1,0.275004027,0.108663971,0.158206816,0.048523645,0.0341
555,0.1,0.276676689,0.110141066,0.158045143,0.048757506,0.03479
556,0.1,0.278342279,0.111677716,0.157770704,0.048997829,0.03544
557,0.1,0.279991102,0.113269571,0.157384514,0.049231823,0.03604
558,0.1,0.281612251,0.114910485,0.156901921,0.049438546,0.0366
559,0.1,0.283204346,0.116591566,0.156339967,0.049622092,0.03711
560,0.1,0.284762088,0.118303301,0.155723159,0.049782853,0.03759
561,0.1,0.286276793,0.120034121,0.155094453,0.049933907,0.03803
562,0.1,0.287743943,0.121769838,0.154496654,0.050086402,0.03844
563,0.1,0.289161816,0.123494762,0.153977706,0.050242219,0.03882
564,0.1,0.290527719,0.125193143,0.153597292,0.050394659,0.03917
565,0.1,0.291838053,0.12684963,0.153406338,0.050559531,0.0395
566,0.1,0.293093946,0.128448873,0.153443917,0.050759594,0.03981
567,0.1,0.294299505,0.129974596,0.153748303,0.051000113,0.0401
568,0.1,0.295455392,0.131411304,0.15435868,0.051288461,0.04038
569,0.1,0.296560939,0.132744189,0.155307614,0.05163041,0.04064
570,0.1,0.297620443,0.133959351,0.156627483,0.052020874,0.04088
571,0.1,0.298639309,0.135044319,0.158345684,0.052459044,0.04112
572,0.1,0.299617888,0.135986776,0.16045545,0.052979434,0.04134
573,0.1,0.300558331,0.136776134,0.162939566,0.053593785,0.04156
574,0.1,0.301466925,0.137405639,0.16576702,0.054282376,0.04175
575,0.1,0.302345415,0.137871483,0.168917354,0.05502672,0.04193
576,0.1,0.303196376,0.138171726,0.172366773,0.055817469,0.04208
577,0.1,0.304022458,0.138306636,0.176058311,0.056678442,0.04221
578,0.1,0.304827158,0.138284602,0.179936042,0.05760458,0.0423
579,0.1,0.305615007,0.138121371,0.183952327,0.058565733,0.04236
580,0.1,0.306392887,0.137837416,0.188048287,0.05955035,0.04237
581,0.1,0.30716689,0.137458537,0.192164822,0.060547102,0.04234
582,0.1,0.307940386,0.137013934,0.196249427,0.061542778,0.04226
583,0.1,0.308716156,0.13653843,0.200257816,0.062541056,0.04213
584,0.1,0.30949652,0.136068799,0.204147666,0.063545433,0.04195
585,0.1,0.310283946,0.135639329,0.207860393,0.0645208,0.04172
586,0.1,0.311080272,0.135282536,0.2113638,0.065458354,0.04144
587,0.1,0.31188691,0.135028834,0.214654823,0.066380014,0.04112
588,0.1,0.312704165,0.134900273,0.217713351,0.067259806,0.04075
589,0.1,0.313529025,0.134912835,0.220521939,0.068073747,0.04034
590,0.1,0.314354219,0.135077159,0.223071638,0.068845422,0.03989
591,0.1,0.315176894,0.13539718,0.2253584,0.06957159,0.03941
592,0.1,0.31599634,0.135871353,0.227387108,0.070232979,0.0389
593,0.1,0.316805355,0.136489842,0.22916308,0.070827688,0.03837
594,0.1,0.317595169,0.137236138,0.230690937,0.071352168,0.03782
595,0.1,0.318358355,0.138090361,0.231969089,0.071807668,0.03727
596,0.1,0.31908565,0.139026421,0.232989465,0.072194798,0.03671
597,0.1,0.319766525,0.140013511,0.233751309,0.072510049,0.03616
598,0.1,0.320392949,0.141015822,0.234277381,0.07275617,0.03562
599,0.1,0.320956689,0.141997475,0.234569835,0.072930917,0.0351
600,0.1,0.321447134,0.142922964,0.234622887,0.07301721,0.03459
601,0.1,0.321853568,0.143755995,0.234438469,0.073018312,0.03411
602,0.1,0.322168194,0.144461674,0.23401566,0.07293884,0.03365
603,0.1,0.322387038,0.145009962,0.233355735,0.072768887,0.03322
604,0.1,0.322507406,0.145375692,0.232478571,0.072522866,0.0328
605,0.1,0.322531654,0.145539466,0.231409111,0.072224339,0.03241
606,0.1,0.322460983,0.145487506,0.230157691,0.071855902,0.03204
607,0.1,0.322298363,0.145215637,0.228737134,0.071412874,0.03168
608,0.1,0.322054039,0.144730557,0.227165412,0.070915468,0.03134
609,0.1,0.321742803,0.144046643,0.225459173,0.070372071,0.03102
610,0.1,0.321379815,0.143182638,0.223639566,0.069790203,0.03072
611,0.1,0.320977681,0.142163867,0.221740852,0.06919479,0.03042
612,0.1,0.320552016,0.141018887,0.219790394,0.068594252,0.03015
613,0.1,0.320117539,0.139777811,0.217815839,0.067982334,0.02988
614,0.1,0.319687679,0.138471681,0.215850238,0.067367458,0.02963
615,0.1,0.319272775,0.137130223,0.213920363,0.066763668,0.02939
616,0.1,0.318878437,0.135777047,0.212044443,0.066193377,0.02917
617,0.1,0.318510148,0.134435258,0.210238868,0.065655437,0.02896
618,0.1,0.31817227,0.133126096,0.208520528,0.065138495,0.02877
619,0.1,0.317864874,0.131864915,0.206927922,0.064660511,0.02859
620,0.1,0.317587364,0.130665061,0.205474523,0.064238288,0.02842
621,0.1,0.317338357,0.129539816,0.204144145,0.063879196,0.02826
622,0.1,0.317118415,0.128496056,0.202950377,0.063562747,0.02811
623,0.1,0.31692795,0.127536373,0.201909522,0.063268236,0.02796
624,0.1,0.316767128,0.126662949,0.201020747,0.063007298,0.02782
625,0.1,0.316635912,0.125873077,0.20028463,0.062782217,0.02768
626,0.1,0.316536629,0.125158183,0.199699544,0.062584029,0.02753
627,0.1,0.316471191,0.124508987,0.199271523,0.062431004,0.02738
628,0.1,0.316444823,0.123914154,0.199004134,0.062330142,0.02721
629,0.1,0.316464665,0.123361061,0.198893219,0.062248417,0.02704
630,0.1,0.316537034,0.122838341,0.198935232,0.062185595,0.02685
631,0.1,0.316669557,0.122335936,0.199123742,0.062154757,0.02665
632,0.1,0.316866916,0.121845567,0.199453963,0.062139326,0.02644
633,0.1,0.31713232,0.121364429,0.199914621,0.062139211,0.02621
634,0.1,0.317470167,0.120894539,0.200481381,0.062169365,0.02597
635,0.1,0.317883038,0.120443624,0.201146438,0.062219305,0.02573
636,0.1,0.318371064,0.120021353,0.201902501,0.06227506,0.02547
637,0.1,0.31893011,0.119638002,0.202734876,0.062331393,0.02522
638,0.1,0.319553746,0.119304722,0.203614433,0.062390127,0.02496
639,0.1,0.320233742,0.119029878,0.204499307,0.062454309,0.0247
640,0.1,0.320952622,0.118815744,0.205360843,0.062523652,0.02445
641,0.1,0.321692015,0.118659068,0.206165768,0.062593581,0.0242
642,0.1,0.322435391,0.118549079,0.206879719,0.062643161,0.02397
643,0.1,0.323151417,0.118467447,0.207443457,0.062649329,0.02374
644,0.1,0.323802521,0.118388183,0.207784725,0.062596826,0.02354
645,0.1,0.324353341,0.118278925,0.2078457,0.06249701,0.02335
646,0.1,0.324762137,0.11810315,0.207586365,0.062340132,0.02318
647,0.1,0.324985819,0.117821084,0.206979608,0.062095135,0.02303
648,0.1,0.324983325,0.117398905,0.205968984,0.061752109,0.0229
649,0.1,0.324713566,0.11680556,0.204505307,0.061303881,0.02279
650,0.1,0.324135671,0.116011463,0.202571211,0.060740898,0.02269
651,0.1,0.32321832,0.114997805,0.200159446,0.060056812,0.0226
652,0.1,0.321940462,0.113755289,0.197271119,0.059244749,0.02252
653,0.1,0.320287231,0.112281279,0.193906443,0.058298956,0.02243
654,0.1,0.318255043,0.110581703,0.190088027,0.05723016,0.02234
655,0.1,0.315850341,0.108673495,0.18587348,0.056068523,0.02222
656,0.1,0.313092788,0.106573928,0.181302754,0.054820853,0.02209
657,0.1,0.310013312,0.104307154,0.176421918,0.053489245,0.02192
658,0.1,0.306653505,0.101906794,0.171322457,0.052083038,0.02172
659,0.1,0.303065401,0.099409333,0.166091511,0.050624222,0.02147
660,0.1,0.299310619,0.096853104,0.160800216,0.049145777,0.02118
661,0.1,0.295455019,0.094282052,0.155514516,0.047673608,0.02086
662,0.1,0.291568204,0.091743405,0.150296002,0.046235267,0.02049
663,0.1,0.287721021,0.089287134,0.145196692,0.044858437,0.02009
664,0.1,0.28398572,0.086960532,0.140282118,0.043566609,0.01967
665,0.1,0.280432378,0.084810149,0.135620286,0.042380104,0.01923
666,0.1,0.27712771,0.08288075,0.131247889,0.04130351,0.01877
667,0.1,0.27413397,0.08121251,0.127192863,0.040342739,0.01831
668,0.1,0.271506536,0.079839813,0.123485709,0.039505925,0.01785
669,0.1,0.269294216,0.078783784,0.120137365,0.038811393,0.01741
670,0.1,0.267541441,0.078053819,0.117162128,0.03827986,0.01697
671,0.1,0.266283319,0.077645436,0.114614085,0.037933573,0.01656
672,0.1,0.265551096,0.077547755,0.112500336,0.037751022,0.01618
673,0.1,0.265369262,0.077744567,0.110791251,0.037688203,0.01583
674,0.1,0.265756247,0.078218535,0.109483209,0.037790005,0.01551
675,0.1,0.266724614,0.078957686,0.108572374,0.038075762,0.01523
676,0.1,0.268276879,0.079957816,0.10804633,0.038485582,0.01497
677,0.1,0.270405908,0.081223627,0.107883348,0.039023319,0.01475
678,0.1,0.273097906,0.082775818,0.108075342,0.039713723,0.01455
679,0.1,0.27632386,0.084658427,0.108685097,0.040543904,0.01436
680,0.1,0.280051579,0.086926566,0.109748641,0.041519355,0.01419
681,0.1,0.284244328,0.08964753,0.11126618,0.042673457,0.01401
682,0.1,0.288858639,0.092899944,0.113269151,0.04399582,0.01384
683,0.1,0.293846885,0.096767662,0.115813578,0.045484447,0.01366
684,0.1,0.299150925,0.10133609,0.118995622,0.047177492,0.01349
685,0.1,0.304715607,0.106682703,0.122896451,0.049119764,0.01331
686,0.1,0.310487108,0.112874664,0.127576374,0.051359801,0.01313
687,0.1,0.316389479,0.119959606,0.133060065,0.053930363,0.01295
688,0.1,0.322359739,0.127970041,0.139372281,0.056858524,0.01278
689,0.1,0.328363689,0.136922127,0.146527696,0.060170699,0.01263
690,0.1,0.334336036,0.146804141,0.154580183,0.063866375,0.01249
691,0.1,0.340213868,0.157585129,0.163578585,0.067944006,0.01237
692,0.1,0.345955588,0.169216795,0.173528447,0.072444369,0.01228
693,0.1,0.351515033,0.181619506,0.184394485,0.077369709,0.01221
694,0.1,0.356849192,0.194694795,0.196099837,0.082683816,0.01217
695,0.1,0.36191121,0.208335635,0.208552236,0.088372593,0.01216
696,0.1,0.366667343,0.222425523,0.22166009,0.094392325,0.01217
697,0.1,0.371104523,0.236840653,0.235391579,0.100576947,0.01222
698,0.1,0.375192584,0.251435794,0.249564744,0.107043593,0.01231
699,0.1,0.378904468,0.266059117,0.26393951,0.114002886,0.01242
700,0.1,0.382243662,0.280587294,0.278614941,0.121073288,0.01258
701,0.1,0.385207018,0.294901659,0.293585962,0.128076391,0.01277
702,0.1,0.387802305,0.308867263,0.30857944,0.135300845,0.01301
703,0.1,0.39007479,0.322380948,0.323449827,0.142455879,0.01329
704,0.1,0.392089091,0.335357416,0.338094781,0.149270662,0.01364
705,0.1,0.393838363,0.347736517,0.352431484,0.156143767,0.01406
706,0.1,0.395277436,0.359474789,0.366376704,0.163150756,0.01456
707,0.1,0.396411077,0.370577308,0.379852842,0.170094466,0.01516
708,0.1,0.397409835,0.381011753,0.392778199,0.176673391,0.01588
709,0.1,0.398365039,0.390775862,0.405099692,0.182768652,0.01673
710,0.1,0.399148844,0.399955413,0.416858926,0.188596652,0.01772
711,0.1,0.399828049,0.408548862,0.427794599,0.194369663,0.01887
712,0.1,0.400474994,0.416571944,0.43774351,0.200079801,0.02018
713,0.1,0.401005201,0.424069101,0.447215457,0.204926438,0.02168
714,0.1,0.40141068,0.431084729,0.456177719,0.209082172,0.02338
715,0.1,0.401871029,0.437700312,0.464148156,0.21336979,0.0253
716,0.1,0.402280097,0.443959757,0.47110326,0.217431674,0.02746
717,0.1,0.402567782,0.44991556,0.477193453,0.220862054,0.02989
718,0.1,0.402840262,0.455659771,0.482674459,0.223480428,0.03259
719,0.1,0.402993931,0.461225637,0.487717127,0.225477916,0.03559
720,0.1,0.402965439,0.46665999,0.492383998,0.227152693,0.03889
721,0.1,0.402896116,0.472002926,0.496468875,0.228798441,0.04248
722,0.1,0.402799229,0.477286345,0.500222464,0.230427165,0.04635
723,0.1,0.402614118,0.482569609,0.504195363,0.231888821,0.05049
724,0.1,0.402340486,0.487878879,0.507760676,0.233181556,0.05487
725,0.1,0.402037504,0.493271611,0.510557795,0.234341755,0.05946
726,0.1,0.401759764,0.498888037,0.513021687,0.235341921,0.06426
727,0.1,0.401532861,0.504784194,0.515519496,0.236552215,0.06921
728,0.1,0.40132425,0.510971484,0.518269635,0.238320705,0.0743
729,0.1,0.401173232,0.517492199,0.520995252,0.240291765,0.0795
730,0.1,0.401108267,0.524399421,0.523740329,0.242267229,0.08479
731,0.1,0.401118146,0.531680878,0.526923372,0.244252467,0.09014
732,0.1,0.40122254,0.53930912,0.530143329,0.246311704,0.09552
733,0.1,0.401453288,0.547266897,0.533175005,0.248574156,0.1009
734,0.1,0.401804708,0.555531662,0.536555774,0.251278468,0.1057
735,0.1,0.402278438,0.564029922,0.540328217,0.254338784,0.1107
736,0.1,0.402896437,0.572684992,0.544264275,0.257541078,0.1155
737,0.1,0.403650533,0.581437785,0.548240629,0.260967031,0.1204
738,0.1,0.404521291,0.590216186,0.552200913,0.264678388,0.1252
739,0.1,0.405468339,0.598948804,0.556200404,0.268718306,0.1299
740,0.1,0.406482068,0.607542883,0.560145358,0.272798466,0.1345
741,0.1,0.407568905,0.615894364,0.563975508,0.276661842,0.1391
742,0.1,0.40868313,0.623911436,0.567748612,0.280564957,0.1435
743,0.1,0.409811122,0.631514346,0.571402539,0.284506093,0.1478
744,0.1,0.410965197,0.638620487,0.574923074,0.28809352,0.152
745,0.1,0.412073008,0.645173889,0.578247314,0.291558535,0.156
746,0.1,0.413103523,0.651113998,0.581250521,0.295129448,0.1599
747,0.1,0.414081324,0.65639998,0.584029511,0.298387336,0.1637
748,0.1,0.415008655,0.66099687,0.586638563,0.301159144,0.1673
749,0.1,0.415767494,0.664903754,0.58908539,0.303660762,0.1708
750,0.1,0.416321765,0.668138318,0.59130168,0.30606497,0.1742
751,0.1,0.416741143,0.670702232,0.593132101,0.308133652,0.1773
752,0.1,0.417112031,0.672571642,0.594363865,0.309406576,0.1804
753,0.1,0.417352559,0.673843076,0.595364488,0.310450911,0.1833
754,0.1,0.417384109,0.674595516,0.596387027,0.311774174,0.186
755,0.1,0.417393098,0.674707592,0.596988543,0.31286956,0.1886
756,0.1,0.417332883,0.674239222,0.597542039,0.31357645,0.1911
757,0.1,0.417085779,0.673310472,0.598684455,0.313823001,0.1934
758,0.1,0.416803999,0.671952611,0.59943476,0.314071268,0.1956
759,0.1,0.41660309,0.670195926,0.599290797,0.314735987,0.1977
760,0.1,0.416351066,0.668056846,0.598844175,0.315662899,0.1997
761,0.1,0.416090331,0.665669435,0.598631643,0.316160721,0.2015
762,0.1,0.415846277,0.663152876,0.598852329,0.315911384,0.2032
763,0.1,0.415474962,0.660401942,0.598791105,0.31568333,0.2048
764,0.1,0.41501638,0.657422775,0.598304189,0.315508898,0.2063
765,0.1,0.41455972,0.654244412,0.597597213,0.315009461,0.2077
766,0.1,0.414077354,0.650860058,0.597052855,0.314619509,0.2091
767,0.1,0.413545381,0.647261881,0.596933418,0.314295294,0.2103
768,0.1,0.412847592,0.643528406,0.597261529,0.313183884,0.2114
769,0.1,0.412243293,0.639883802,0.59661458,0.311508207,0.2125
770,0.1,0.411885161,0.636473971,0.594191625,0.309754152,0.2134
771,0.1,0.411475632,0.633071011,0.592190535,0.308347745,0.2143
772,0.1,0.410940851,0.629645461,0.591184465,0.307159896,0.2151
773,0.1,0.410383216,0.626295605,0.590567205,0.305564843,0.2159
774,0.1,0.409751254,0.623121549,0.590080698,0.303210866,0.2166
775,0.1,0.409130697,0.620112815,0.589548597,0.300539908,0.2172
776,0.1,0.408669035,0.617148153,0.588543061,0.299093522,0.2178
777,0.1,0.408353512,0.614246459,0.587618281,0.297704108,0.2183
778,0.1,0.407977972,0.611446452,0.587218667,0.295210796,0.2188
779,0.1,0.407377617,0.608640952,0.585392224,0.29318743,0.2193
780,0.1,0.406805683,0.605859568,0.582280287,0.291753576,0.2197
781,0.1,0.406462777,0.603201458,0.579537479,0.290189317,0.2201
782,0.1,0.406443466,0.600648346,0.578588914,0.288237264,0.2205
783,0.1,0.406600693,0.598191018,0.5795562,0.285684203,0.2209
784,0.1,0.40637221,0.595670582,0.57866795,0.282071139,0.2213
785,0.1,0.406083638,0.59309676,0.577325111,0.27797406,0.2217
786,0.1,0.405910383,0.590628023,0.577125327,0.274522078,0.222
787,0.1,0.405629515,0.588136301,0.577084471,0.272556907,0.2224
788,0.1,0.40516155,0.585572462,0.574910702,0.27055134,0.2227
789,0.1,0.404647143,0.583179673,0.568524968,0.266107543,0.2231
790,0.1,0.403812786,0.580743448,0.561925576,0.26110648,0.2235
791,0.1,0.402766893,0.578118316,0.55772193,0.257308719,0.2238
792,0.1,0.402154382,0.575542887,0.555491384,0.254727933,0.2242
793,0.1,0.401872775,0.572984834,0.554447726,0.252481028,0.2245
794,0.1,0.401851684,0.570365449,0.553259018,0.249935235,0.2249
795,0.1,0.402118295,0.567962478,0.549587646,0.247708512,0.2252
796,0.1,0.402437724,0.565920056,0.544826353,0.245962871,0.2255
797,0.1,0.402326675,0.563860035,0.542865684,0.244810988,0.2258
798,0.1,0.401817184,0.562202207,0.54096467,0.244463033,0.2261
799,0.1,0.401307234,0.560947058,0.537673198,0.243986742,0.2264
800,0.1,0.4010536,0.55949551,0.536707754,0.239934463,0.2266
801,0.1,0.400668451,0.558048317,0.536889589,0.234800827,0.2268
802,0.1,0.399796267,0.557068411,0.535596588,0.231665093,0.227
803,0.1,0.398914227,0.556318337,0.533318609,0.22764107,0.2272
804,0.1,0.398536627,0.555542259,0.531891204,0.223623967,0.2274
805,0.1,0.398031519,0.554901276,0.533019239,0.223060228,0.2275
806,0.1,0.397373757,0.55459887,0.534343544,0.22173561,0.2276
807,0.1,0.3970578,0.554653455,0.534275902,0.218513292,0.2277
808,0.1,0.397693511,0.554813051,0.535823553,0.218301433,0.2278
809,0.1,0.398508882,0.554982993,0.536589947,0.218758925,0.2279
810,0.1,0.398918844,0.555120322,0.53437119,0.216604164,0.228
811,0.1,0.399087613,0.555569095,0.534914917,0.214124845,0.228
812,0.1,0.399226119,0.556417496,0.539245379,0.212731101,0.2281
813,0.1,0.40039451,0.556912036,0.54262252,0.212814759,0.2282
814,0.1,0.401420898,0.55781928,0.543648682,0.212918999,0.2282
815,0.1,0.401249669,0.559536837,0.543921,0.211889658,0.2283
816,0.1,0.400527095,0.560645622,0.542716233,0.209254212,0.2283
817,0.1,0.399749064,0.561625641,0.544397356,0.205504371,0.2284
818,0.1,0.399104411,0.56367887,0.551419072,0.201543014,0.2284
819,0.1,0.399399649,0.564980247,0.554750825,0.197913764,0.2285
820,0.1,0.400292219,0.56532991,0.550559721,0.195305415,0.2285
821,0.1,0.400861173,0.566597007,0.546695427,0.192660705,0.2286
822,0.1,0.40041614,0.56776469,0.543557094,0.191864576,0.2286
823,0.1,0.399157077,0.567610518,0.539876854,0.19418995,0.2287
824,0.1,0.398511723,0.56689747,0.537194487,0.195295231,0.2287
825,0.1,0.397552522,0.566173019,0.53743994,0.194677623,0.2288
826,0.1,0.39697777,0.565316245,0.540914783,0.193996925,0.2289
827,0.1,0.398552404,0.56480442,0.538332454,0.191050798,0.2289
828,0.1,0.400454313,0.563832777,0.532186477,0.185428807,0.229
829,0.1,0.40159059,0.561565982,0.539291581,0.179364142,0.2291
830,0.1,0.402213759,0.558333155,0.547548338,0.175648669,0.2292
831,0.1,0.40212053,0.554267891,0.551456193,0.174718437,0.2292
832,0.1,0.400362395,0.55022865,0.556547859,0.17187818,0.2293
833,0.1,0.397500181,0.545348193,0.550195152,0.165138142,0.2294
834,0.1,0.39362809,0.539165758,0.536052911,0.157634676,0.2294
835,0.1,0.389605994,0.531675817,0.522019212,0.155293195,0.2295
836,0.1,0.385712486,0.524709897,0.507218216,0.15504975,0.2295
837,0.1,0.381865518,0.517433301,0.498255336,0.148684678,0.2296
838,0.1,0.378510352,0.51004555,0.492046662,0.139607727,0.2296
839,0.1,0.375501116,0.502455564,0.485302942,0.131382996,0.2297
840,0.1,0.373838069,0.49413069,0.480834142,0.122374115,0.2297
841,0.1,0.371921537,0.482873519,0.485390208,0.11364995,0.2298
842,0.1,0.36995933,0.468791381,0.497471323,0.108125537,0.2298
843,0.1,0.368283313,0.453526768,0.510119501,0.102307725,0.2298
844,0.1,0.366813811,0.438980514,0.52274066,0.094422597,0.2299
845,0.1,0.360811633,0.42580679,0.533924441,0.088939111,0.23
846,0.1,0.353888468,0.411858551,0.536351111,0.082473365,0.2301
847,0.1,0.34923899,0.396444911,0.526987685,0.068918906,0.2302
848,0.1,0.342228575,0.380804735,0.524747503,0.050683917,0.2303
849,0.1,0.333314938,0.365328641,0.532732938,0.041862968,0.2305
850,0.1,0.3247136,0.349904863,0.54073458,0.038748763,0.2306
851,0.1,0.319473876,0.334059282,0.548676409,0.032959194,0.2309
852,0.1,0.317598881,0.317718142,0.553972302,0.026679854,0.2309
853,0.1,0.313793205,0.302392029,0.54049621,0.017101841,0.2309
854,0.1,0.309382833,0.28888319,0.541058187,0.001302706,0.2309
855,0.1,0.305066244,0.276546174,0.55798583,-0.016716997,0.2309
856,0.1,0.300477881,0.263727355,0.56692843,-0.031314185,0.2309
857,0.1,0.297789998,0.251139482,0.564854937,-0.04794915,0.2309
858,0.1,0.296752275,0.239677552,0.55507961,-0.074861556,0.2309
859,0.1,0.297605781,0.229270704,0.545017058,-0.087333967,0.2309
860,0.1,0.298394264,0.219534649,0.53557652,-0.088707593,0.2309
861,0.1,0.298849358,0.21161275,0.524627224,-0.095723231,0.2309
862,0.1,0.295685071,0.204271471,0.52243816,-0.09499684,0.2309
863,0.1,0.290613647,0.195419448,0.51739858,-0.089927279,0.2309
864,0.1,0.288296512,0.188038863,0.495437396,-0.099381415,0.2309
865,0.1,0.28815859,0.183425823,0.473856218,-0.11339964,0.2309
866,0.1,0.287287708,0.17860115,0.45952465,-0.108776997,0.2309
867,0.1,0.284204104,0.171357648,0.443714423,-0.105574883,0.2309
868,0.1,0.280887647,0.164232469,0.421977976,-0.106174061,0.2309
869,0.1,0.278902296,0.160771352,0.397637618,-0.101424009,0.2309
870,0.1,0.279053894,0.157708288,0.374413633,-0.096679993,0.2309
871,0.1,0.279349015,0.153247203,0.353534704,-0.096675102,0.2309
872,0.1,0.281708222,0.152774125,0.348473071,-0.099350181,0.2309
873,0.1,0.284508988,0.152418971,0.358665261,-0.105940303,0.2309
874,0.1,0.287464812,0.151573459,0.364632687,-0.116956068,0.2309
875,0.1,0.293376236,0.151659888,0.370700004,-0.105039485,0.2309
876,0.1,0.297302784,0.152393729,0.381074388,-0.090295477,0.2309
877,0.1,0.295124798,0.153806258,0.381860808,-0.087036303,0.2309
878,0.1,0.294228519,0.154573351,0.369666787,-0.088150383,0.2309
879,0.1,0.296438298,0.154714721,0.358554331,-0.083134553,0.2309
880,0.1,0.298631897,0.159784415,0.362855954,-0.069937443,0.2309
881,0.1,0.301343326,0.165847362,0.363012404,-0.064240713,0.2309
882,0.1,0.30421293,0.171391277,0.353358789,-0.064099247,0.2309
883,0.1,0.306173743,0.176184309,0.357543748,-0.074162625,0.2309
884,0.1,0.308534961,0.179007395,0.371828524,-0.089647892,0.2309
885,0.1,0.309969103,0.178896095,0.388388087,-0.092296733,0.2309
886,0.1,0.312466548,0.176364687,0.410415033,-0.093098843,0.2309
887,0.1,0.314481495,0.174093953,0.431107425,-0.098141552,0.2309
888,0.1,0.3184309,0.175528322,0.44863056,-0.104147717,0.2309
889,0.1,0.319342366,0.177794128,0.457694408,-0.107753455,0.2309
890,0.1,0.319643451,0.176935078,0.454584656,-0.112603685,0.2309
891,0.1,0.32038592,0.173796726,0.455993901,-0.124922648,0.2309
892,0.1,0.316768855,0.170424385,0.477025908,-0.138222348,0.2309
893,0.1,0.31071315,0.166741461,0.50282488,-0.139639718,0.2309
894,0.1,0.306548088,0.162544734,0.513135168,-0.126158748,0.2309
895,0.1,0.304236763,0.158298345,0.510197949,-0.119211372,0.2309
896,0.1,0.299667896,0.153826507,0.505276087,-0.128298557,0.2309
897,0.1,0.292191344,0.151056378,0.494911596,-0.134746611,0.2309
898,0.1,0.286677424,0.150048231,0.498349732,-0.135136737,0.2309
899,0.1,0.281738207,0.148304496,0.520890313,-0.141587112,0.2309
900,0.1,0.277001968,0.145470966,0.530094123,-0.144647038,0.2309
901,0.1,0.275076348,0.143313246,0.530853315,-0.146502075,0.2309
902,0.1,0.275391895,0.141850779,0.534465866,-0.149802138,0.2309
903,0.1,0.278921522,0.142060268,0.538769689,-0.139129658,0.2309
904,0.1,0.282174612,0.144188874,0.522676133,-0.132121157,0.2309
905,0.1,0.284692075,0.14857735,0.522452843,-0.128094608,0.2309
906,0.1,0.285739556,0.151838142,0.542304762,-0.110493624,0.2309
907,0.1,0.290437966,0.153939601,0.554147245,-0.096086463,0.2309
908,0.1,0.297140412,0.157476956,0.548282348,-0.100098538,0.2309
909,0.1,0.300937705,0.161541202,0.547352765,-0.10727174,0.2309
910,0.1,0.302725134,0.163395188,0.552956024,-0.098091192,0.2309
911,0.1,0.304250689,0.164236304,0.545549378,-0.086492515,0.2309
912,0.1,0.307293687,0.166672233,0.524810311,-0.064131714,0.2309
913,0.1,0.312472706,0.170766092,0.504233138,-0.042865655,0.2309
914,0.1,0.31457678,0.172014882,0.488554629,-0.036030224,0.2309
915,0.1,0.311681438,0.172399748,0.472780982,-0.044671518,0.2309
916,0.1,0.313680541,0.177532521,0.45466104,-0.054361001,0.2309
917,0.1,0.31759234,0.181100881,0.431708063,-0.060555049,0.2309
918,0.1,0.321175466,0.181447886,0.408396084,-0.068335998,0.2309
919,0.1,0.3234943,0.181414837,0.390060247,-0.05751178,0.2309
920,0.1,0.318356982,0.181356978,0.375082707,-0.05345464,0.2309
921,0.1,0.311391199,0.179966393,0.353088759,-0.06101591,0.2309
922,0.1,0.31033037,0.17596917,0.325301804,-0.068688834,0.2309
923,0.1,0.311210857,0.173639334,0.311185929,-0.073874545,0.2309
924,0.1,0.311674947,0.174340245,0.30378995,-0.065187003,0.2309
925,0.1,0.31054265,0.172440948,0.278311553,-0.059676656,0.2309
926,0.1,0.305281219,0.169022689,0.2547622,-0.062299669,0.2309
927,0.1,0.298777749,0.164936779,0.255870918,-0.07080034,0.2309
928,0.1,0.292800966,0.160004526,0.261330985,-0.074720906,0.2309
929,0.1,0.284774948,0.159028602,0.257885776,-0.069448342,0.2309
930,0.1,0.279507528,0.157283102,0.26003834,-0.071389548,0.2309
931,0.1,0.277105782,0.152705745,0.269481262,-0.075379316,0.2309
932,0.1,0.278496478,0.150658848,0.271298868,-0.086017962,0.2309
933,0.1,0.279455821,0.14947689,0.269242026,-0.1158595,0.2309
934,0.1,0.277056693,0.14631059,0.288695137,-0.11506096,0.2309
935,0.1,0.278484382,0.142137233,0.325020973,-0.094566972,0.2309
936,0.1,0.283216198,0.139491365,0.360042297,-0.069417058,0.2309
937,0.1,0.286018683,0.137930236,0.382935002,-0.056762329,0.2309
938,0.1,0.289107857,0.137883828,0.391431055,-0.04430807,0.2309
939,0.1,0.291267264,0.13948526,0.397400085,-0.031889662,0.2309
940,0.1,0.290015559,0.140521683,0.403529237,-0.032403975,0.2309
941,0.1,0.291506195,0.141846772,0.402138022,-0.023097813,0.2309
942,0.1,0.297237436,0.144202749,0.408217248,-0.007828178,0.2309
943,0.1,0.301645219,0.145726734,0.436526415,-0.004403184,0.2309
944,0.1,0.302848209,0.1471478,0.453354254,-0.003514156,0.2309
945,0.1,0.303062533,0.149117282,0.462930164,-0.009065063,0.2309
946,0.1,0.303805085,0.150616705,0.46566778,-0.025510494,0.2309
947,0.1,0.30597201,0.152048281,0.449573638,-0.048508432,0.2309
948,0.1,0.305736652,0.156175037,0.433914888,-0.075057232,0.2309
949,0.1,0.307189887,0.160929529,0.448923386,-0.091442226,0.2309
950,0.1,0.312628221,0.161765958,0.462434273,-0.096684606,0.2309
951,0.1,0.314472629,0.16001059,0.462433909,-0.106416925,0.2309
952,0.1,0.311171376,0.157920724,0.46287359,-0.126940355,0.2309
953,0.1,0.309139549,0.155368726,0.473465531,-0.150374293,0.2309
954,0.1,0.310129124,0.152961789,0.483816447,-0.162684941,0.2309
955,0.1,0.310520087,0.152858629,0.485768038,-0.167844156,0.2309
956,0.1,0.309481932,0.152168928,0.481848067,-0.175062736,0.2309
957,0.1,0.309462759,0.152591108,0.479257513,-0.185708661,0.2309
958,0.1,0.307838702,0.154850637,0.475062702,-0.192493533,0.2309
959,0.1,0.303836389,0.158289109,0.469074137,-0.20458758,0.2309
960,0.1,0.304137671,0.161771902,0.463667011,-0.204769694,0.2309
961,0.1,0.307590692,0.162884395,0.454242794,-0.195304287,0.2309
962,0.1,0.309477315,0.1611749,0.447620973,-0.194108395,0.2309
963,0.1,0.309307289,0.161440805,0.442413951,-0.18700443,0.2309
964,0.1,0.308149948,0.164144738,0.431782072,-0.169051006,0.2309
965,0.1,0.310626152,0.164671626,0.415792901,-0.15815806,0.2309
966,0.1,0.313475244,0.164816709,0.405554902,-0.153189691,0.2309
967,0.1,0.317983953,0.167822808,0.406104849,-0.139263318,0.2309
968,0.1,0.324141759,0.169608303,0.395317289,-0.107423943,0.2309
969,0.1,0.328486239,0.169202039,0.375741192,-0.071809061,0.2309
970,0.1,0.329535395,0.168599379,0.366418422,-0.040053234,0.2309
971,0.1,0.331249444,0.168341505,0.376855271,-0.012192851,0.2309
972,0.1,0.33160041,0.169859824,0.393202183,0.009239858,0.2309
973,0.1,0.329928681,0.175202807,0.40423076,0.023502978,0.2309
974,0.1,0.330306037,0.176973771,0.415991988,0.027529552,0.2309
975,0.1,0.329912959,0.173572737,0.426034095,0.016352145,0.2309
976,0.1,0.329511813,0.171727854,0.441125656,-0.011956282,0.2309
977,0.1,0.329108509,0.171371246,0.467486536,-0.037685948,0.2309
978,0.1,0.32751113,0.169859959,0.496384902,-0.014850772,0.2309
979,0.1,0.328712331,0.167250366,0.51376031,0.006011634,0.2309
980,0.1,0.328574784,0.163670817,0.525004475,0.006583002,0.2309
981,0.1,0.324218442,0.161904244,0.532364083,-0.00049598,0.2309
982,0.1,0.319008508,0.161671904,0.54414166,-0.000587685,0.2309
983,0.1,0.315069241,0.160889897,0.565444562,0.000421154,0.2309
984,0.1,0.309108382,0.157162356,0.576510119,-0.001675199,0.2309
985,0.1,0.306073146,0.153392169,0.584063488,0.003015001,0.2309
986,0.1,0.304748866,0.152421239,0.594658961,0.007364228,0.2309
987,0.1,0.302145312,0.151716777,0.5994827,0.000530269,0.2309
988,0.1,0.29965058,0.150968895,0.599064222,-0.011555222,0.2309
989,0.1,0.296180202,0.150419119,0.595091589,-0.014181528,0.2309
990,0.1,0.292828642,0.148819535,0.578189579,-0.018361942,0.2309
991,0.1,0.289655342,0.148464867,0.551947139,-0.029454039,0.2309
992,0.1,0.285631107,0.152093751,0.546223655,-0.039980498,0.2309
993,0.1,0.284331025,0.154039205,0.541649805,-0.04425046,0.2309
994,0.1,0.284772106,0.152248446,0.530645401,-0.054936842,0.2309
995,0.1,0.282172111,0.151960455,0.515681818,-0.052354982,0.2309
996,0.1,0.280408953,0.153243068,0.505293153,-0.039100901,0.2309
997,0.1,0.280391964,0.153740071,0.496656551,-0.028364419,0.2309
998,0.1,0.279838728,0.154934798,0.478744907,-0.025573235,0.2309
999,0.1,0.278560571,0.156733916,0.461281193,-0.026335049,0.2309
1000,0.1,0.277917164,0.158070581,0.456639017,-0.018566323,0.2309
1001,0.1,0.278125141,0.160082165,0.455292135,-0.001389303,0.2309
1002,0.1,0.278436468,0.161054185,0.452841386,0.014345931,0.2309
1003,0.1,0.2785834,0.163508678,0.457260133,0.016212455,0.2309
1004,0.1,0.282301432,0.16595731,0.460713572,0.014518554,0.2309
1005,0.1,0.289015404,0.167556156,0.455135242,0.007948282,0.2309
1006,0.1,0.295439089,0.167935024,0.456745809,0.004461397,0.2309
1007,0.1,0.300728832,0.168918019,0.459838916,0.004785263,0.2309
1008,0.1,0.303259191,0.170277908,0.459202725,0.000969424,0.2309
1009,0.1,0.305442465,0.168690516,0.454378548,-0.012466696,0.2309
1010,0.1,0.307571935,0.167075432,0.445656694,-0.025580459,0.2309
1011,0.1,0.310002629,0.166377605,0.434785747,-0.030410415,0.2309
1012,0.1,0.31169545,0.164076848,0.415846311,-0.03815795,0.2309
1013,0.1,0.310355627,0.1605149,0.40426665,-0.048999396,0.2309
1014,0.1,0.30616561,0.156237517,0.412420159,-0.047819317,0.2309
1015,0.1,0.303477218,0.153540463,0.429722752,-0.050902303,0.2309
1016,0.1,0.302399663,0.153154398,0.44433287,-0.063796522,0.2309
1017,0.1,0.300818001,0.153765901,0.448421975,-0.069321858,0.2309
1018,0.1,0.29674888,0.152078952,0.446793867,-0.07739054,0.2309
1019,0.1,0.29103329,0.146834596,0.466443594,-0.095760755,0.2309
1020,0.1,0.290252728,0.143828259,0.493378775,-0.09894053,0.2309
1021,0.1,0.292311475,0.144080437,0.507798954,-0.093383119,0.2309
1022,0.1,0.292959016,0.144526499,0.507076905,-0.09593308,0.2309
1023,0.1,0.292164017,0.143582254,0.502411904,-0.104253345,0.2309
1024,0.1,0.291335945,0.141036497,0.494989082,-0.105111751,0.2309
1025,0.1,0.29279276,0.141218789,0.483996205,-0.096620372,0.2309